	Helix	Sheet
1703	0.056	0.439
1683	0.050	0.281
284	0.358	0.121
914	0.337	0.275
273	0.360	0.309
201	0.000	0.324
58	0.446	0.138
420	0.657	0.000
1094	0.735	0.000
1328	0.330	0.268
600	0.135	0.368
538	0.317	0.226
820	0.321	0.105
1599	0.038	0.472
1108	0.078	0.530
17	0.680	0.032
1582	0.813	0.000
1637	0.576	0.152
1770	0.000	0.609
970	0.234	0.152
400	0.554	0.139
2232	0.114	0.423
376	0.092	0.415
1014	0.371	0.258
2029	0.329	0.281
2021	0.047	0.477
2237	0.349	0.254
2160	0.267	0.262
578	0.246	0.307
478	0.100	0.400
1751	0.295	0.329
952	0.291	0.398
2058	0.319	0.116
411	0.396	0.257
88	0.273	0.217
1424	0.794	0.000
673	0.356	0.144
1400	0.090	0.292
322	0.870	0.000
1046	0.086	0.461
2202	0.089	0.256
976	0.210	0.063
1677	0.361	0.418
2057	0.277	0.411
558	0.432	0.149
83	0.000	0.411
1856	0.564	0.000
907	0.044	0.491
1843	0.358	0.358
1836	0.688	0.008
23	0.135	0.199
1990	0.526	0.192
67	0.513	0.274
46	0.394	0.133
1323	0.170	0.497
1879	0.690	0.028
1349	0.653	0.041
2144	0.285	0.315
482	0.047	0.467
243	0.256	0.189
1583	0.062	0.434
1025	0.357	0.357
2089	0.443	0.213
239	0.874	0.000
819	0.221	0.206
1895	0.131	0.362
966	0.690	0.000
1189	0.523	0.195
510	0.073	0.407
1146	0.336	0.413
1479	0.476	0.084
232	0.319	0.407
84	0.032	0.389
1043	0.525	0.025
887	0.060	0.436
919	0.405	0.378
1287	0.357	0.327
429	0.049	0.466
1253	0.790	0.000
475	0.637	0.065
2066	0.390	0.439
1321	0.304	0.290
2218	0.092	0.340
1710	0.096	0.225
1078	0.522	0.168
704	0.000	0.621
491	0.408	0.336
962	0.621	0.000
1687	0.022	0.547
2214	0.105	0.483
48	0.023	0.201
282	0.051	0.411
1250	0.589	0.032
1179	0.706	0.000
4	0.581	0.000
1618	0.027	0.396
360	0.348	0.273
1682	0.217	0.341
1723	0.465	0.065
726	0.346	0.169
1780	0.083	0.479
687	0.451	0.128
389	0.410	0.253
1493	0.600	0.050
281	0.000	0.573
348	0.395	0.232
112	0.295	0.287
837	0.043	0.303
1010	0.337	0.283
1744	0.283	0.167
582	0.113	0.417
189	0.025	0.417
2233	0.366	0.172
1088	0.026	0.399
41	0.053	0.212
2011	0.626	0.000
1697	0.205	0.349
1017	0.156	0.263
1810	0.743	0.000
642	0.420	0.238
1866	0.592	0.152
359	0.452	0.274
2122	0.086	0.388
2030	0.954	0.000
550	0.382	0.303
2227	0.484	0.133
2234	0.310	0.279
2215	0.092	0.339
355	0.344	0.226
761	0.000	0.447
127	0.568	0.076
1039	0.000	0.310
276	0.458	0.212
166	0.829	0.000
1019	0.146	0.150
1230	0.476	0.061
82	0.244	0.467
106	0.352	0.021
874	0.065	0.480
111	0.320	0.231
835	0.033	0.428
825	0.039	0.450
423	0.235	0.310
405	0.301	0.229
1785	0.186	0.458
1975	0.288	0.353
1978	0.248	0.149
1133	0.418	0.312
26	0.335	0.150
406	0.063	0.441
333	0.237	0.298
982	0.443	0.136
637	0.215	0.296
452	0.421	0.152
1482	0.241	0.405
28	0.000	0.415
2017	0.039	0.403
167	0.074	0.509
1110	0.000	0.377
22	0.032	0.394
619	0.383	0.175
33	0.240	0.134
1665	0.030	0.313
62	0.566	0.132
168	0.251	0.302
1293	0.410	0.230
346	0.324	0.290
1824	0.024	0.400
1005	0.042	0.487
2183	0.114	0.514
1562	0.180	0.414
334	0.444	0.282
387	0.541	0.087
1904	0.442	0.000
133	0.380	0.301
831	0.243	0.401
2177	0.099	0.372
1894	0.462	0.081
1489	0.365	0.214
715	0.439	0.196
1907	0.052	0.137
2130	0.328	0.040
957	0.435	0.135
1154	0.402	0.187
432	0.331	0.301
1188	0.580	0.000
1194	0.281	0.114
1817	0.633	0.000
1465	0.036	0.350
1676	0.738	0.061
1971	0.403	0.257
2077	0.333	0.231
511	0.326	0.195
1669	0.448	0.169
1908	0.522	0.196
1395	0.079	0.480
1581	0.123	0.316
553	0.649	0.023
959	0.355	0.255
1655	0.346	0.323
2186	0.268	0.279
1924	0.500	0.221
1774	0.088	0.263
1821	0.044	0.235
1572	0.076	0.496
1939	0.434	0.309
453	0.105	0.471
999	0.068	0.424
1643	0.122	0.458
1926	0.734	0.000
59	0.329	0.329
2207	0.403	0.282
566	0.337	0.301
581	0.053	0.440
894	0.051	0.510
380	0.143	0.274
1855	0.307	0.367
515	0.881	0.000
2004	0.161	0.415
1787	0.400	0.180
845	0.225	0.275
253	0.448	0.239
465	0.541	0.096
34	0.594	0.166
1944	0.100	0.407
2216	0.068	0.561
1961	0.470	0.181
158	0.582	0.103
379	0.388	0.230
2007	0.319	0.126
1758	0.100	0.477
1973	0.066	0.387
408	0.775	0.000
1903	0.171	0.398
467	0.551	0.157
1456	0.289	0.272
763	0.514	0.216
993	0.021	0.251
745	0.047	0.467
154	0.061	0.427
623	0.288	0.455
1169	0.776	0.000
568	0.206	0.344
2176	0.291	0.371
1809	0.425	0.283
1164	0.367	0.224
342	0.193	0.167
758	0.275	0.438
1912	0.528	0.174
1348	0.675	0.020
1571	0.088	0.422
933	0.350	0.359
1536	0.112	0.318
1899	0.000	0.348
316	0.029	0.421
393	0.613	0.153
1842	0.842	0.000
40	0.146	0.291
1152	0.358	0.463
738	0.299	0.143
73	0.478	0.137
103	0.427	0.160
1534	0.470	0.205
1970	0.512	0.122
344	0.472	0.195
1480	0.647	0.080
1890	0.123	0.447
1430	0.403	0.268
1996	0.274	0.311
690	0.521	0.178
625	0.881	0.000
226	0.884	0.000
684	0.062	0.342
1830	0.404	0.159
1022	0.525	0.194
1793	0.294	0.420
1040	0.918	0.000
1055	0.039	0.583
1730	0.298	0.252
508	0.607	0.152
1746	0.065	0.565
1727	0.019	0.136
1185	0.627	0.039
896	0.045	0.459
1437	0.369	0.236
1950	0.282	0.298
157	0.037	0.265
117	0.293	0.348
1566	0.393	0.131
1340	0.643	0.000
424	0.167	0.267
1635	0.866	0.000
1967	0.047	0.486
1759	0.274	0.395
1940	0.038	0.377
513	0.079	0.508
1615	0.000	0.592
1494	0.413	0.146
409	0.360	0.315
2001	0.073	0.345
813	0.179	0.421
45	0.451	0.200
1090	0.045	0.396
1767	0.656	0.067
1844	0.448	0.276
781	0.136	0.336
2013	0.038	0.214
1509	0.689	0.073
269	0.604	0.000
795	0.042	0.550
1853	0.072	0.403
335	0.408	0.083
211	0.266	0.156
1982	0.649	0.000
990	0.615	0.062
1953	0.653	0.068
800	0.856	0.000
1057	0.780	0.000
804	0.450	0.268
274	0.488	0.248
641	0.079	0.567
1561	0.071	0.468
906	0.697	0.039
483	0.237	0.395
2127	0.550	0.233
370	0.868	0.000
2098	0.514	0.085
1415	0.659	0.000
1943	0.075	0.425
2008	0.099	0.461
939	0.311	0.091
2222	0.000	0.159
1446	0.325	0.228
1835	0.364	0.248
1023	0.397	0.113
1254	0.520	0.053
1485	0.313	0.333
142	0.314	0.220
91	0.291	0.179
394	0.519	0.176
677	0.650	0.000
1092	0.040	0.212
1149	0.472	0.192
2125	0.628	0.033
1591	0.038	0.450
681	0.419	0.183
2087	0.446	0.162
530	0.730	0.000
272	0.039	0.480
838	0.496	0.189
668	0.375	0.014
2120	0.295	0.247
1212	0.559	0.000
2201	0.062	0.438
717	0.628	0.043
1044	0.268	0.268
560	0.310	0.310
245	0.185	0.301
1377	0.000	0.397
303	0.338	0.110
2213	0.262	0.223
2	0.506	0.194
747	0.864	0.000
182	0.000	0.496
1596	0.481	0.167
898	0.533	0.096
599	0.039	0.496
1368	0.172	0.414
171	0.320	0.211
1049	0.449	0.126
1554	0.527	0.190
2170	0.368	0.257
1051	0.292	0.308
1632	0.547	0.000
2005	0.199	0.199
871	0.571	0.164
1704	0.255	0.248
1200	0.159	0.415
693	0.030	0.386
648	0.542	0.114
174	0.036	0.232
193	0.033	0.467
1307	0.556	0.062
2079	0.079	0.381
2158	0.046	0.394
310	0.440	0.091
1138	0.275	0.302
596	0.093	0.450
2062	0.050	0.262
199	0.037	0.426
1425	0.478	0.199
827	0.226	0.323
842	0.058	0.232
499	0.257	0.316
2154	0.234	0.333
247	0.636	0.000
1500	0.315	0.331
2173	0.330	0.225
2145	0.268	0.377
365	0.258	0.139
1419	0.488	0.209
1301	0.071	0.437
1576	0.360	0.169
1016	0.601	0.041
1777	0.539	0.180
793	0.539	0.174
1919	0.350	0.226
1236	0.355	0.170
1298	0.061	0.565
2231	0.019	0.218
988	0.705	0.000
1290	0.014	0.231
1381	0.413	0.303
1670	0.303	0.352
270	0.444	0.148
2018	0.081	0.544
535	0.000	0.467
81	0.512	0.200
741	0.591	0.000
551	0.329	0.323
1960	0.059	0.165
1365	0.321	0.176
147	0.291	0.246
1524	0.161	0.275
563	0.461	0.149
382	0.408	0.081
981	0.723	0.000
824	0.186	0.425
1435	0.458	0.148
1113	0.026	0.556
1955	0.600	0.031
29	0.027	0.416
477	0.172	0.371
2141	0.369	0.169
185	0.712	0.000
963	0.462	0.159
1647	0.758	0.000
1801	0.167	0.351
1352	0.077	0.530
2050	0.371	0.192
183	0.423	0.160
785	0.369	0.080
1725	0.583	0.119
1313	0.725	0.037
1111	0.503	0.161
60	0.389	0.148
2068	0.664	0.090
1171	0.031	0.194
735	0.066	0.241
994	0.598	0.021
2055	0.075	0.376
1027	0.090	0.480
1593	0.304	0.161
1518	0.000	0.443
1102	0.420	0.290
283	0.028	0.317
1233	0.000	0.417
1284	0.265	0.101
1324	0.328	0.119
1122	0.065	0.337
446	0.213	0.444
1020	0.465	0.228
2065	0.058	0.240
135	0.074	0.444
76	0.796	0.000
541	0.021	0.218
37	0.909	0.000
753	0.094	0.146
2023	0.200	0.340
1294	0.509	0.199
27	0.438	0.124
862	0.474	0.100
1595	0.022	0.559
231	0.333	0.222
839	0.203	0.308
614	0.406	0.060
978	0.152	0.568
44	0.809	0.000
1468	0.475	0.221
1060	0.139	0.384
1660	0.435	0.087
2020	0.368	0.272
198	0.048	0.514
1137	0.572	0.033
178	0.440	0.202
2152	0.391	0.339
1481	0.336	0.400
124	0.471	0.118
285	0.145	0.296
1214	0.568	0.066
474	0.053	0.450
885	0.474	0.097
151	0.040	0.524
1696	0.044	0.368
1735	0.621	0.021
398	0.109	0.427
2051	0.532	0.167
2095	0.758	0.000
977	0.196	0.165
911	0.227	0.485
1172	0.419	0.163
1104	0.112	0.427
430	0.458	0.094
1567	0.298	0.180
449	0.324	0.225
610	0.107	0.386
1976	0.204	0.375
442	0.402	0.213
1448	0.586	0.211
2085	0.678	0.023
692	0.774	0.000
1100	0.328	0.352
996	0.408	0.114
807	0.258	0.250
456	0.429	0.180
1827	0.558	0.133
1769	0.283	0.133
369	0.000	0.343
1543	0.332	0.301
1237	0.098	0.309
1699	0.360	0.280
1813	0.290	0.395
1526	0.450	0.153
1096	0.194	0.372
163	0.552	0.149
484	0.368	0.336
522	0.354	0.254
918	0.178	0.372
470	0.000	0.477
1798	0.219	0.194
617	0.738	0.025
2116	0.048	0.468
606	0.145	0.457
1601	0.256	0.388
2157	0.277	0.319
1483	0.397	0.316
1997	0.715	0.000
657	0.319	0.504
297	0.493	0.090
31	0.500	0.108
1070	0.096	0.385
1878	0.185	0.244
2165	0.792	0.000
307	0.306	0.168
1329	0.590	0.214
2040	0.470	0.199
1634	0.615	0.137
777	0.364	0.318
663	0.141	0.540
1681	0.048	0.368
542	0.560	0.000
2109	0.122	0.259
1416	0.728	0.044
534	0.045	0.477
1892	0.239	0.370
806	0.443	0.193
114	0.442	0.156
412	0.228	0.198
638	0.038	0.546
1139	0.350	0.350
608	0.407	0.009
974	0.096	0.356
145	0.187	0.522
315	0.223	0.058
1065	0.028	0.420
1314	0.086	0.526
1749	0.866	0.000
223	0.453	0.211
1341	0.372	0.077
746	0.101	0.465
2223	0.133	0.175
647	0.656	0.045
1170	0.039	0.357
1811	0.157	0.297
1176	0.276	0.166
1603	0.748	0.088
1993	0.647	0.123
207	0.795	0.031
121	0.000	0.433
1636	0.112	0.474
1033	0.000	0.348
240	0.487	0.176
155	0.481	0.207
1756	0.037	0.422
146	0.000	0.429
52	0.237	0.119
246	0.273	0.273
626	0.477	0.148
764	0.320	0.137
1003	0.143	0.451
947	0.234	0.275
1506	0.295	0.328
732	0.041	0.459
1873	0.269	0.327
1654	0.812	0.036
1868	0.359	0.197
181	0.138	0.462
913	0.230	0.331
1063	0.658	0.020
1783	0.234	0.286
1832	0.028	0.651
1174	0.078	0.096
1910	0.322	0.268
751	0.406	0.203
1741	0.338	0.277
737	0.440	0.094
466	0.086	0.511
941	0.801	0.000
1747	0.398	0.221
512	0.085	0.534
1134	0.348	0.195
2132	0.000	0.631
1246	0.607	0.090
2203	0.348	0.067
1052	0.226	0.277
1394	0.641	0.135
1300	0.764	0.022
502	0.051	0.272
1864	0.040	0.520
992	0.490	0.155
1155	0.518	0.079
1808	0.085	0.528
1980	0.089	0.473
1616	0.427	0.200
629	0.613	0.118
1097	0.181	0.263
995	0.434	0.168
1825	0.614	0.028
1693	0.841	0.000
2162	0.252	0.217
1600	0.315	0.234
770	0.250	0.250
1569	0.047	0.402
2204	0.255	0.341
1344	0.452	0.181
249	0.045	0.518
2101	0.282	0.226
2135	0.633	0.131
2053	0.000	0.221
1992	0.907	0.000
855	0.817	0.000
1884	0.440	0.114
1794	0.882	0.000
1334	0.341	0.330
129	0.556	0.207
1337	0.444	0.163
1447	0.362	0.228
2164	0.136	0.367
1408	0.854	0.000
1270	0.298	0.298
851	0.312	0.188
362	0.407	0.158
1193	0.000	0.511
706	0.132	0.283
1178	0.188	0.487
678	0.303	0.225
445	0.130	0.235
116	0.357	0.129
1132	0.714	0.000
1516	0.047	0.220
0	0.194	0.388
2124	0.500	0.127
32	0.648	0.000
2081	0.809	0.022
2037	0.317	0.294
973	0.346	0.321
1358	0.106	0.423
1410	0.636	0.053
900	0.242	0.342
834	0.073	0.331
1761	0.101	0.349
2115	0.422	0.127
803	0.764	0.000
118	0.896	0.000
1514	0.539	0.000
1161	0.041	0.391
656	0.135	0.147
2022	0.231	0.444
928	0.500	0.066
10	0.502	0.000
2190	0.364	0.305
125	0.870	0.000
1883	0.787	0.028
160	0.645	0.024
172	0.232	0.208
778	0.000	0.206
2043	0.529	0.140
931	0.293	0.180
1417	0.662	0.128
2211	0.015	0.260
152	0.023	0.234
268	0.189	0.201
1441	0.732	0.034
1234	0.855	0.000
703	0.453	0.352
2048	0.208	0.224
356	0.418	0.144
633	0.413	0.223
2034	0.131	0.387
1492	0.550	0.137
1263	0.254	0.286
879	0.294	0.311
504	0.586	0.122
291	0.568	0.195
1145	0.072	0.482
441	0.384	0.384
1310	0.595	0.081
1711	0.403	0.140
854	0.074	0.444
822	0.299	0.448
2111	0.392	0.235
2094	0.112	0.537
723	0.546	0.126
2178	0.600	0.028
1559	0.268	0.346
279	0.105	0.484
1766	0.000	0.562
50	0.815	0.000
267	0.432	0.186
2146	0.532	0.218
787	0.039	0.481
1421	0.099	0.373
598	0.397	0.084
1814	0.139	0.322
1781	0.753	0.000
1397	0.498	0.032
385	0.137	0.391
607	0.328	0.269
769	0.444	0.162
1306	0.295	0.237
736	0.437	0.189
493	0.543	0.142
604	0.094	0.396
643	0.868	0.000
1372	0.032	0.396
1077	0.225	0.289
1141	0.396	0.209
661	0.766	0.000
1592	0.425	0.172
1066	0.431	0.248
1714	0.045	0.468
1147	0.691	0.035
448	0.766	0.000
1880	0.230	0.516
1458	0.363	0.220
790	0.877	0.000
277	0.209	0.245
1472	0.047	0.480
437	0.023	0.213
248	0.526	0.197
892	0.270	0.158
1658	0.068	0.406
1925	0.333	0.167
1901	0.490	0.109
1475	0.191	0.265
1187	0.099	0.493
942	0.500	0.026
1289	0.365	0.295
1972	0.823	0.000
308	0.687	0.149
2100	0.125	0.325
2106	0.099	0.473
671	0.466	0.184
500	0.574	0.000
1420	0.655	0.000
1267	0.395	0.331
1135	0.241	0.397
2200	0.000	0.356
1203	0.050	0.426
1775	0.319	0.311
96	0.200	0.294
2185	0.483	0.150
721	0.872	0.000
532	0.046	0.375
1837	0.356	0.215
1302	0.357	0.321
846	0.104	0.387
2032	0.589	0.117
219	0.390	0.266
552	0.609	0.039
1374	0.365	0.220
884	0.319	0.255
1497	0.269	0.263
495	0.713	0.000
917	0.393	0.179
526	0.162	0.131
1565	0.470	0.000
591	0.456	0.167
1391	0.220	0.390
780	0.119	0.390
1434	0.426	0.147
1405	0.242	0.307
1231	0.217	0.101
332	0.520	0.087
1755	0.041	0.218
1511	0.087	0.370
811	0.170	0.233
1535	0.037	0.410
1668	0.558	0.062
1738	0.441	0.183
1059	0.550	0.093
590	0.090	0.331
2175	0.073	0.488
1863	0.283	0.455
480	0.136	0.236
1413	0.285	0.338
2026	0.080	0.487
1706	0.418	0.147
302	0.183	0.303
1563	0.571	0.159
213	0.803	0.000
1026	0.226	0.258
1786	0.497	0.175
2006	0.098	0.534
169	0.774	0.000
915	0.087	0.302
313	0.635	0.000
710	0.372	0.128
410	0.000	0.507
727	0.703	0.000
1370	0.285	0.123
1205	0.020	0.480
1362	0.225	0.303
1210	0.025	0.453
196	0.804	0.000
56	0.041	0.480
386	0.028	0.425
1773	0.269	0.244
175	0.245	0.348
1717	0.464	0.248
120	0.365	0.304
1473	0.068	0.399
1285	0.722	0.000
368	0.066	0.541
1326	0.032	0.419
1428	0.396	0.375
485	0.683	0.093
95	0.743	0.000
527	0.652	0.101
1459	0.132	0.388
1197	0.602	0.030
2131	0.000	0.199
683	0.360	0.230
1771	0.109	0.376
1120	0.000	0.518
1840	0.130	0.416
882	0.052	0.474
1550	0.431	0.157
1882	0.686	0.031
1957	0.239	0.338
1897	0.401	0.306
1831	0.046	0.236
1157	0.111	0.415
1540	0.354	0.132
233	0.587	0.063
857	0.534	0.282
1983	0.460	0.197
615	0.333	0.243
830	0.305	0.266
576	0.026	0.590
1451	0.232	0.126
2221	0.046	0.434
354	0.617	0.000
589	0.031	0.503
1874	0.301	0.137
1367	0.323	0.238
1870	0.024	0.362
1346	0.000	0.542
422	0.222	0.289
496	0.257	0.386
1820	0.172	0.191
2143	0.805	0.009
1597	0.723	0.027
94	0.222	0.198
1272	0.000	0.409
1427	0.080	0.348
686	0.449	0.174
1375	0.360	0.232
1927	0.086	0.422
2088	0.163	0.222
357	0.335	0.329
1363	0.328	0.235
1248	0.237	0.306
691	0.274	0.325
564	0.428	0.303
863	0.207	0.099
934	0.223	0.141
685	0.478	0.176
1715	0.756	0.000
1768	0.091	0.177
1784	0.424	0.203
1802	0.535	0.082
1067	0.000	0.618
190	0.000	0.287
2045	0.265	0.302
514	0.023	0.444
658	0.048	0.471
841	0.682	0.000
252	0.444	0.097
1042	0.346	0.205
954	0.219	0.292
1736	0.327	0.260
218	0.793	0.000
1213	0.250	0.244
1846	0.460	0.170
1454	0.108	0.382
2140	0.766	0.000
1721	0.038	0.528
849	0.402	0.181
1648	0.378	0.358
979	0.386	0.219
503	0.380	0.182
856	0.373	0.246
1911	0.694	0.000
649	0.592	0.158
1218	0.571	0.101
1013	0.796	0.000
1245	0.116	0.267
2044	0.846	0.000
529	0.288	0.245
1674	0.459	0.207
320	0.379	0.308
1667	0.043	0.500
463	0.319	0.363
206	0.484	0.103
1191	0.087	0.329
1206	0.440	0.145
1663	0.154	0.390
750	0.360	0.373
1159	0.017	0.370
1932	0.541	0.000
1369	0.063	0.452
680	0.364	0.229
69	0.252	0.385
1664	0.744	0.000
782	0.284	0.355
1342	0.100	0.215
1484	0.493	0.058
2070	0.163	0.525
85	0.145	0.338
1876	0.038	0.389
1537	0.257	0.456
728	0.448	0.172
374	0.138	0.266
251	0.543	0.037
1965	0.342	0.211
714	0.090	0.346
650	0.537	0.000
818	0.339	0.273
936	0.087	0.277
2024	0.323	0.194
1392	0.375	0.172
1959	0.247	0.149
300	0.185	0.270
1041	0.298	0.363
1740	0.035	0.411
1074	0.045	0.523
11	0.391	0.200
1247	0.000	0.402
1523	0.440	0.055
9	0.557	0.000
565	0.000	0.468
2049	0.794	0.000
724	0.093	0.454
1463	0.847	0.000
1037	0.062	0.370
123	0.729	0.000
1552	0.170	0.045
1742	0.434	0.113
404	0.564	0.158
203	0.048	0.385
210	0.146	0.533
392	0.099	0.411
92	0.467	0.175
472	0.000	0.319
337	0.380	0.278
278	0.355	0.268
326	0.872	0.000
1556	0.000	0.518
209	0.737	0.018
97	0.395	0.123
2009	0.511	0.080
531	0.796	0.000
1641	0.284	0.165
1378	0.225	0.289
876	0.509	0.107
562	0.083	0.393
194	0.705	0.000
1106	0.168	0.327
262	0.000	0.448
1238	0.062	0.292
421	0.815	0.000
1923	0.223	0.389
1009	0.000	0.649
1276	0.601	0.000
902	0.381	0.374
1343	0.597	0.028
144	0.103	0.408
228	0.505	0.272
1093	0.000	0.422
888	0.543	0.000
805	0.517	0.000
126	0.275	0.341
1464	0.469	0.147
1232	0.155	0.291
1024	0.376	0.227
2181	0.171	0.371
431	0.170	0.345
1444	0.044	0.469
1227	0.747	0.000
524	0.698	0.000
1639	0.130	0.278
1084	0.663	0.040
575	0.519	0.200
1985	0.249	0.260
1887	0.466	0.110
797	0.074	0.479
679	0.128	0.350
580	0.612	0.000
1952	0.062	0.457
1426	0.746	0.000
1168	0.803	0.000
42	0.819	0.000
128	0.211	0.259
695	0.309	0.374
1002	0.381	0.275
772	0.373	0.299
80	0.588	0.131
602	0.112	0.262
1782	0.632	0.077
826	0.465	0.130
929	0.855	0.000
697	0.462	0.196
501	0.050	0.496
1612	0.777	0.000
645	0.728	0.020
1336	0.704	0.028
817	0.744	0.045
639	0.261	0.225
1560	0.759	0.028
2236	0.053	0.198
989	0.190	0.197
1487	0.174	0.395
1389	0.397	0.140
1896	0.000	0.485
304	0.000	0.324
2002	0.411	0.300
18	0.818	0.000
2063	0.112	0.509
1869	0.000	0.373
352	0.710	0.055
946	0.069	0.438
2052	0.158	0.200
331	0.039	0.310
1445	0.640	0.000
1333	0.560	0.138
1962	0.000	0.540
363	0.076	0.471
783	0.117	0.531
1126	0.000	0.393
1309	0.000	0.195
1991	0.362	0.294
666	0.342	0.337
653	0.276	0.359
373	0.140	0.419
644	0.880	0.000
1467	0.308	0.399
848	0.126	0.496
743	0.500	0.194
238	0.333	0.444
1573	0.395	0.191
594	0.741	0.000
1431	0.045	0.414
2126	0.394	0.239
577	0.215	0.259
324	0.524	0.114
1517	0.143	0.455
1726	0.059	0.353
1763	0.310	0.236
1453	0.817	0.000
1949	0.042	0.442
991	0.717	0.000
1753	0.426	0.295
1279	0.088	0.419
878	0.333	0.254
1021	0.400	0.156
305	0.493	0.148
1062	0.044	0.248
1038	0.074	0.443
1792	0.090	0.194
1317	0.305	0.305
1653	0.090	0.495
583	0.000	0.657
1958	0.265	0.182
2039	0.349	0.250
1423	0.021	0.621
184	0.397	0.129
1622	0.263	0.156
613	0.238	0.377
1722	0.492	0.052
1718	0.223	0.187
2031	0.450	0.183
2174	0.343	0.107
792	0.437	0.274
1209	0.126	0.471
1320	0.789	0.000
1383	0.016	0.328
2229	0.069	0.528
1281	0.119	0.694
1533	0.044	0.252
77	0.883	0.000
1680	0.289	0.360
78	0.426	0.273
161	0.904	0.000
2239	0.347	0.287
1515	0.240	0.189
1407	0.195	0.236
1222	0.040	0.413
1624	0.404	0.199
2042	0.308	0.390
338	0.268	0.216
1829	0.244	0.230
43	0.137	0.480
2138	0.754	0.000
1623	0.425	0.150
105	0.764	0.000
1	0.451	0.049
2167	0.258	0.146
1457	0.280	0.176
1900	0.075	0.278
1440	0.382	0.338
1788	0.481	0.205
1937	0.486	0.055
1966	0.182	0.321
860	0.272	0.351
702	0.623	0.000
765	0.129	0.380
1968	0.475	0.279
1076	0.472	0.299
1373	0.224	0.280
1702	0.550	0.000
19	0.257	0.330
2114	0.387	0.206
1728	0.432	0.237
1069	0.307	0.117
1142	0.055	0.344
433	0.257	0.347
916	0.252	0.244
1280	0.491	0.180
1638	0.047	0.461
659	0.043	0.299
734	0.407	0.287
904	0.679	0.000
1089	0.755	0.000
150	0.248	0.444
1261	0.357	0.257
1889	0.615	0.018
1628	0.340	0.222
1531	0.363	0.178
492	0.374	0.164
655	0.042	0.451
2197	0.406	0.081
254	0.112	0.384
336	0.479	0.186
2153	0.443	0.148
1791	0.468	0.266
1054	0.371	0.176
227	0.093	0.165
1859	0.013	0.174
1308	0.452	0.106
2035	0.664	0.062
2083	0.306	0.188
2028	0.316	0.236
2169	0.383	0.255
634	0.212	0.328
1602	0.745	0.000
670	0.255	0.291
295	0.511	0.183
768	0.344	0.233
903	0.182	0.270
2191	0.268	0.268
20	0.485	0.178
624	0.392	0.325
729	0.059	0.408
2148	0.042	0.198
180	0.067	0.422
122	0.361	0.279
950	0.597	0.000
1646	0.090	0.405
2108	0.032	0.555
306	0.615	0.000
1144	0.141	0.324
131	0.329	0.211
801	0.843	0.000
1201	0.448	0.228
2060	0.615	0.000
718	0.837	0.000
1588	0.333	0.417
65	0.316	0.162
555	0.333	0.189
893	0.279	0.240
1330	0.037	0.215
752	0.620	0.109
275	0.223	0.473
1627	0.803	0.000
799	0.480	0.233
1080	0.252	0.420
462	0.071	0.421
1833	0.437	0.278
1478	0.482	0.234
1503	0.289	0.106
1252	0.071	0.457
468	0.117	0.427
2019	0.075	0.500
1568	0.080	0.409
1915	0.000	0.256
1662	0.000	0.211
2092	0.064	0.296
664	0.761	0.097
1551	0.632	0.000
54	0.246	0.047
1584	0.516	0.129
1181	0.533	0.158
537	0.698	0.058
708	0.369	0.206
292	0.479	0.000
2209	0.386	0.394
905	0.059	0.474
215	0.531	0.000
1398	0.401	0.190
325	0.189	0.311
1803	0.408	0.148
1947	0.613	0.082
868	0.728	0.000
2118	0.250	0.257
1684	0.529	0.148
1220	0.487	0.155
1984	0.038	0.254
350	0.346	0.271
1001	0.282	0.167
1930	0.389	0.221
347	0.108	0.417
700	0.186	0.286
1241	0.415	0.131
439	0.295	0.132
1698	0.362	0.325
1575	0.351	0.230
557	0.426	0.098
759	0.680	0.000
1095	0.566	0.044
572	0.621	0.175
38	0.061	0.429
829	0.857	0.000
627	0.440	0.299
1731	0.072	0.444
1081	0.840	0.000
1743	0.023	0.233
89	0.549	0.160
434	0.063	0.556
179	0.451	0.020
1737	0.500	0.116
1359	0.167	0.125
1928	0.434	0.217
256	0.164	0.388
1127	0.075	0.418
1488	0.808	0.000
1288	0.232	0.190
1707	0.362	0.181
79	0.875	0.000
694	0.042	0.403
1008	0.336	0.234
1244	0.668	0.000
794	0.040	0.544
1513	0.293	0.114
328	0.381	0.381
1857	0.044	0.496
1071	0.866	0.000
1542	0.779	0.000
742	0.125	0.347
1167	0.354	0.215
570	0.560	0.174
635	0.429	0.118
1235	0.404	0.246
24	0.364	0.182
756	0.430	0.204
2110	0.346	0.188
93	0.277	0.311
349	0.122	0.366
1914	0.463	0.125
1064	0.401	0.073
1357	0.419	0.284
98	0.140	0.485
1851	0.382	0.261
1243	0.594	0.000
816	0.370	0.348
489	0.060	0.084
165	0.293	0.251
675	0.046	0.375
1607	0.605	0.134
1143	0.462	0.127
1909	0.516	0.153
1192	0.040	0.233
2056	0.145	0.294
57	0.583	0.049
2168	0.044	0.509
672	0.409	0.291
149	0.358	0.345
2225	0.426	0.287
731	0.205	0.283
943	0.644	0.089
63	0.277	0.345
1807	0.165	0.252
415	0.512	0.043
1151	0.560	0.180
2061	0.257	0.389
487	0.030	0.319
1701	0.661	0.000
1661	0.342	0.303
1586	0.321	0.250
688	0.761	0.000
1079	0.369	0.188
1275	0.271	0.417
1388	0.461	0.204
1015	0.333	0.346
1871	0.023	0.430
1862	0.302	0.292
1579	0.357	0.220
1268	0.511	0.206
861	0.083	0.367
1946	0.607	0.000
2093	0.389	0.150
345	0.241	0.393
1826	0.799	0.000
391	0.035	0.264
298	0.482	0.078
593	0.897	0.000
132	0.278	0.205
883	0.261	0.373
141	0.357	0.221
2182	0.039	0.480
1881	0.371	0.067
13	0.078	0.488
631	0.000	0.542
1916	0.312	0.191
1987	0.047	0.227
1750	0.059	0.312
1396	0.037	0.279
2103	0.000	0.245
1734	0.797	0.017
1499	0.491	0.130
39	0.241	0.193
2142	0.166	0.369
808	0.087	0.370
440	0.435	0.276
1061	0.195	0.319
451	0.497	0.153
1156	0.188	0.292
2194	0.226	0.414
471	0.620	0.120
1585	0.159	0.576
1338	0.371	0.343
280	0.383	0.357
2205	0.685	0.030
388	0.000	0.469
1411	0.048	0.460
1839	0.298	0.298
712	0.075	0.492
2198	0.563	0.102
1056	0.104	0.522
35	0.127	0.289
1085	0.696	0.051
469	0.282	0.289
1649	0.391	0.271
1609	0.039	0.465
1240	0.338	0.383
518	0.528	0.168
1183	0.056	0.250
1271	0.034	0.379
1091	0.366	0.206
1875	0.350	0.282
2119	0.300	0.221
2072	0.043	0.491
1954	0.022	0.346
1589	0.213	0.200
2210	0.347	0.234
134	0.398	0.106
1412	0.584	0.024
427	0.279	0.369
1471	0.306	0.158
55	0.040	0.452
1356	0.621	0.000
1605	0.688	0.023
1118	0.500	0.066
444	0.295	0.417
378	0.046	0.422
1619	0.040	0.503
940	0.236	0.309
1251	0.108	0.461
1847	0.089	0.325
1162	0.339	0.223
832	0.430	0.174
920	0.000	0.573
1587	0.801	0.000
242	0.327	0.260
255	0.407	0.285
2219	0.043	0.551
618	0.198	0.504
1119	0.709	0.000
961	0.172	0.356
341	0.623	0.034
1006	0.261	0.328
1269	0.042	0.551
640	0.284	0.387
214	0.569	0.052
536	0.277	0.092
1989	0.115	0.429
1951	0.094	0.290
1107	0.584	0.140
195	0.119	0.302
1806	0.653	0.035
461	0.303	0.134
319	0.165	0.221
1673	0.330	0.229
230	0.087	0.314
1112	0.706	0.039
1123	0.521	0.055
1893	0.174	0.221
595	0.088	0.163
1339	0.373	0.361
1789	0.157	0.529
1546	0.070	0.329
1672	0.418	0.205
1512	0.572	0.119
455	0.321	0.345
2084	0.316	0.211
2047	0.417	0.188
25	0.256	0.256
1045	0.029	0.380
682	0.722	0.000
930	0.000	0.409
1364	0.059	0.349
2228	0.592	0.144
754	0.753	0.000
2046	0.047	0.261
1319	0.096	0.670
64	0.630	0.048
104	0.453	0.231
1938	0.257	0.349
2059	0.154	0.362
1438	0.069	0.481
986	0.250	0.330
1299	0.098	0.333
1510	0.756	0.016
546	0.504	0.154
353	0.044	0.395
1549	0.047	0.220
301	0.024	0.533
788	0.261	0.352
1941	0.841	0.000
21	0.880	0.000
1264	0.041	0.455
1719	0.000	0.434
1686	0.158	0.250
1121	0.393	0.132
899	0.042	0.571
707	0.179	0.344
2134	0.450	0.200
351	0.304	0.199
1828	0.421	0.211
517	0.000	0.431
1764	0.111	0.380
1733	0.000	0.418
263	0.056	0.420
1520	0.840	0.000
2217	0.665	0.067
2099	0.045	0.355
740	0.276	0.224
1671	0.727	0.016
969	0.093	0.333
1452	0.098	0.361
1527	0.232	0.390
100	0.324	0.380
1816	0.070	0.319
1841	0.276	0.434
784	0.405	0.170
1805	0.268	0.384
1705	0.046	0.463
1564	0.378	0.076
611	0.438	0.148
951	0.816	0.000
1390	0.000	0.347
2212	0.815	0.000
418	0.490	0.136
1305	0.000	0.480
1257	0.679	0.037
937	0.022	0.346
2016	0.093	0.429
506	0.544	0.051
935	0.038	0.326
698	0.374	0.322
1462	0.911	0.000
809	0.418	0.090
1578	0.448	0.145
1797	0.431	0.169
1491	0.818	0.000
176	0.432	0.237
1163	0.158	0.321
1115	0.350	0.243
143	0.417	0.223
1614	0.000	0.241
2149	0.112	0.485
396	0.789	0.000
1495	0.076	0.525
296	0.109	0.419
2184	0.303	0.276
2193	0.298	0.132
222	0.601	0.052
266	0.393	0.193
208	0.077	0.359
191	0.525	0.220
2082	0.508	0.010
540	0.039	0.549
366	0.045	0.400
1979	0.030	0.269
1282	0.391	0.130
2107	0.374	0.313
1204	0.449	0.208
1318	0.038	0.568
1541	0.073	0.512
859	0.392	0.129
889	0.296	0.255
1199	0.377	0.231
2038	0.598	0.046
1325	0.298	0.161
1754	0.773	0.018
229	0.222	0.351
1981	0.571	0.092
1931	0.470	0.235
1332	0.265	0.422
186	0.652	0.000
2064	0.412	0.223
1007	0.753	0.000
1986	0.435	0.241
234	0.075	0.487
327	0.173	0.168
443	0.162	0.304
1265	0.417	0.239
119	0.239	0.192
927	0.081	0.532
651	0.461	0.149
1422	0.053	0.289
605	0.352	0.073
2123	0.460	0.124
571	0.253	0.140
1760	0.038	0.423
757	0.483	0.287
1296	0.653	0.049
259	0.430	0.320
601	0.606	0.103
1620	0.265	0.313
2189	0.000	0.528
2139	0.051	0.393
543	0.222	0.302
938	0.075	0.525
383	0.040	0.528
1994	0.354	0.269
1748	0.352	0.161
791	0.062	0.396
1476	0.364	0.224
1256	0.291	0.397
983	0.500	0.211
1538	0.041	0.459
1131	0.101	0.573
403	0.173	0.347
330	0.301	0.315
2171	0.271	0.123
1929	0.508	0.145
1606	0.481	0.264
225	0.374	0.286
870	0.134	0.504
1379	0.480	0.220
567	0.874	0.000
1202	0.701	0.000
1034	0.081	0.435
773	0.452	0.175
1521	0.430	0.181
1505	0.402	0.394
2208	0.393	0.293
2025	0.193	0.251
187	0.583	0.117
2179	0.043	0.431
965	0.316	0.224
901	0.248	0.360
1598	0.297	0.181
159	0.227	0.345
1917	0.569	0.168
674	0.382	0.164
1570	0.621	0.000
1371	0.138	0.354
458	0.297	0.395
1315	0.000	0.461
909	0.022	0.558
1221	0.393	0.158
1858	0.127	0.490
497	0.510	0.219
164	0.376	0.214
1449	0.538	0.205
821	0.458	0.092
148	0.084	0.471
547	0.640	0.157
241	0.573	0.155
235	0.072	0.420
459	0.162	0.410
414	0.346	0.401
556	0.399	0.191
1678	0.193	0.167
372	0.460	0.168
2230	0.039	0.194
1694	0.027	0.463
520	0.245	0.327
1387	0.327	0.147
1934	0.000	0.233
2238	0.061	0.392
956	0.436	0.343
202	0.335	0.381
1068	0.775	0.000
1675	0.826	0.000
1455	0.812	0.000
1854	0.024	0.163
1011	0.459	0.180
749	0.376	0.242
1117	0.470	0.149
1779	0.783	0.000
1035	0.536	0.170
1012	0.395	0.198
1273	0.000	0.398
1692	0.825	0.000
224	0.304	0.370
921	0.076	0.324
1355	0.124	0.221
2150	0.238	0.121
2036	0.000	0.181
1650	0.328	0.138
1724	0.396	0.169
1249	0.621	0.079
2121	0.396	0.249
880	0.438	0.210
945	0.000	0.291
2075	0.093	0.345
1345	0.339	0.381
1216	0.778	0.000
636	0.000	0.206
968	0.114	0.482
413	0.232	0.140
844	0.054	0.353
779	0.826	0.000
1184	0.044	0.430
2090	0.000	0.325
177	0.132	0.314
481	0.028	0.309
1501	0.178	0.436
1891	0.465	0.186
696	0.465	0.189
53	0.424	0.225
2096	0.248	0.077
1029	0.148	0.436
709	0.043	0.227
1470	0.428	0.157
964	0.101	0.437
494	0.033	0.474
1409	0.189	0.362
2012	0.059	0.231
170	0.000	0.527
244	0.840	0.000
1073	0.274	0.308
1258	0.457	0.197
130	0.231	0.276
955	0.489	0.104
1689	0.079	0.484
748	0.154	0.346
987	0.042	0.347
1114	0.072	0.387
584	0.514	0.202
1752	0.781	0.000
1165	0.376	0.356
1977	0.695	0.000
1032	0.778	0.031
192	0.061	0.386
523	0.114	0.456
922	0.336	0.280
1335	0.298	0.362
1386	0.034	0.356
1906	0.367	0.109
2199	0.093	0.426
1799	0.067	0.462
1469	0.456	0.184
760	0.396	0.201
450	0.083	0.472
87	0.475	0.158
173	0.088	0.113
258	0.045	0.241
220	0.055	0.239
1611	0.075	0.250
569	0.302	0.356
1208	0.246	0.167
16	0.121	0.440
985	0.299	0.433
925	0.746	0.000
1822	0.300	0.109
1539	0.024	0.325
2235	0.479	0.158
771	0.478	0.164
1402	0.365	0.231
1295	0.107	0.471
1274	0.062	0.299
1353	0.014	0.396
1030	0.375	0.139
592	0.047	0.374
544	0.000	0.333
632	0.337	0.205
1888	0.457	0.101
1101	0.555	0.155
68	0.083	0.479
2196	0.408	0.218
1158	0.534	0.134
1995	0.411	0.226
587	0.463	0.000
1099	0.533	0.026
620	0.074	0.380
1087	0.667	0.000
1528	0.509	0.194
1136	0.478	0.174
1393	0.046	0.495
486	0.130	0.296
548	0.344	0.362
1312	0.029	0.297
705	0.434	0.213
2067	0.500	0.216
1545	0.339	0.146
2133	0.633	0.024
212	0.469	0.292
2104	0.359	0.276
2003	0.333	0.265
847	0.162	0.446
1403	0.395	0.180
1429	0.266	0.220
260	0.077	0.333
294	0.131	0.387
574	0.340	0.359
1404	0.400	0.256
628	0.089	0.423
1659	0.076	0.405
2069	0.181	0.354
1292	0.078	0.431
1555	0.028	0.174
949	0.759	0.000
843	0.029	0.404
2136	0.035	0.493
8	0.264	0.312
1757	0.313	0.209
1872	0.325	0.405
2076	0.473	0.264
1224	0.078	0.490
479	0.396	0.180
1732	0.339	0.197
1366	0.273	0.233
2105	0.056	0.535
490	0.368	0.264
1098	0.033	0.472
1173	0.061	0.361
1850	0.897	0.000
908	0.503	0.215
476	0.060	0.176
711	0.238	0.350
1642	0.392	0.317
744	0.799	0.000
559	0.434	0.203
528	0.331	0.304
701	0.346	0.183
516	0.252	0.315
1690	0.317	0.124
630	0.065	0.449
1347	0.021	0.219
2155	0.385	0.302
616	0.252	0.429
926	0.272	0.288
2097	0.470	0.197
1948	0.462	0.203
507	0.129	0.578
669	0.659	0.016
699	0.641	0.128
1219	0.180	0.406
1150	0.306	0.127
138	0.286	0.202
1277	0.398	0.277
1918	0.824	0.000
311	0.277	0.385
1656	0.541	0.000
1849	0.099	0.226
1964	0.000	0.561
1772	0.214	0.421
1260	0.358	0.225
1522	0.168	0.376
1834	0.034	0.401
953	0.215	0.380
1815	0.000	0.608
101	0.041	0.235
654	0.194	0.349
2010	0.119	0.525
1845	0.070	0.443
722	0.135	0.286
1666	0.252	0.281
1000	0.046	0.281
402	0.103	0.353
1432	0.132	0.382
864	0.070	0.404
1745	0.366	0.144
156	0.183	0.257
1544	0.404	0.288
1384	0.113	0.398
622	0.500	0.314
866	0.046	0.481
2195	0.397	0.326
958	0.474	0.316
321	0.315	0.337
1739	0.438	0.156
1351	0.423	0.173
612	0.774	0.000
329	0.518	0.133
1083	0.306	0.333
367	0.148	0.230
1631	0.000	0.481
1124	0.387	0.152
579	0.717	0.000
1553	0.070	0.623
1776	0.376	0.448
1103	0.078	0.353
1186	0.466	0.149
586	0.114	0.390
153	0.575	0.200
554	0.476	0.157
733	0.000	0.639
1439	0.076	0.432
102	0.492	0.215
975	0.206	0.303
1712	0.099	0.454
1242	0.472	0.181
588	0.365	0.308
1291	0.064	0.367
609	0.519	0.171
1125	0.182	0.348
775	0.182	0.277
739	0.298	0.412
250	0.069	0.531
561	0.644	0.000
1729	0.667	0.000
395	0.491	0.175
1376	0.315	0.097
51	0.207	0.405
1129	0.752	0.000
2172	0.465	0.232
2161	0.781	0.000
1153	0.871	0.000
2074	0.316	0.358
1804	0.000	0.368
1700	0.319	0.232
1998	0.324	0.241
1942	0.510	0.215
136	0.884	0.000
1418	0.285	0.336
2041	0.021	0.159
340	0.195	0.232
1196	0.643	0.000
676	0.034	0.534
358	0.381	0.231
464	0.239	0.299
293	0.672	0.082
188	0.045	0.500
1933	0.483	0.107
261	0.000	0.338
1229	0.043	0.355
1502	0.086	0.268
1399	0.303	0.269
1255	0.243	0.414
1474	0.745	0.000
766	0.674	0.057
890	0.287	0.090
533	0.814	0.019
967	0.142	0.137
1259	0.713	0.000
1207	0.342	0.074
998	0.000	0.629
1645	0.330	0.236
1105	0.032	0.408
1963	0.263	0.246
1303	0.397	0.284
1716	0.402	0.274
1177	0.058	0.348
221	0.291	0.397
1945	0.448	0.195
1902	0.262	0.256
1657	0.410	0.212
390	0.299	0.137
1442	0.000	0.446
1795	0.304	0.319
713	0.730	0.000
5	0.312	0.138
1223	0.422	0.118
371	0.789	0.000
323	0.195	0.275
1548	0.042	0.407
1140	0.325	0.278
1709	0.777	0.000
488	0.151	0.429
1860	0.859	0.000
1629	0.274	0.336
1508	0.365	0.308
789	0.878	0.000
1819	0.000	0.400
12	0.379	0.189
1610	0.487	0.076
603	0.333	0.167
1877	0.735	0.016
237	0.040	0.492
1195	0.379	0.132
1936	0.224	0.352
932	0.783	0.018
1360	0.434	0.159
384	0.071	0.468
2147	0.062	0.418
1109	0.380	0.247
2192	0.434	0.000
730	0.067	0.473
90	0.270	0.380
2080	0.083	0.533
1630	0.307	0.373
660	0.646	0.021
1626	0.802	0.023
447	0.353	0.207
1180	0.851	0.000
1198	0.627	0.000
1082	0.384	0.200
205	0.190	0.333
339	0.762	0.000
796	0.696	0.000
2027	0.543	0.058
309	0.497	0.135
1148	0.352	0.255
66	0.237	0.434
204	0.280	0.262
823	0.381	0.151
15	0.196	0.536
1577	0.372	0.331
662	0.442	0.233
853	0.219	0.125
802	0.669	0.000
2071	0.140	0.455
289	0.445	0.212
438	0.160	0.407
1557	0.086	0.451
505	0.262	0.205
895	0.395	0.112
236	0.206	0.298
107	0.566	0.204
1823	0.420	0.160
109	0.177	0.293
1604	0.184	0.163
865	0.072	0.536
162	0.701	0.068
858	0.150	0.321
1580	0.331	0.155
6	0.000	0.364
1812	0.488	0.078
1382	0.308	0.247
1688	0.347	0.183
1838	0.366	0.144
1852	0.284	0.395
86	0.043	0.440
36	0.038	0.338
1762	0.260	0.187
1460	0.161	0.280
1436	0.383	0.409
1529	0.354	0.310
2015	0.719	0.040
70	0.298	0.151
897	0.516	0.000
1354	0.174	0.293
1558	0.046	0.450
197	0.429	0.248
1385	0.185	0.224
1327	0.081	0.486
1999	0.470	0.207
621	0.000	0.238
397	0.269	0.240
2151	0.221	0.257
509	0.023	0.481
1215	0.421	0.244
1818	0.089	0.357
521	0.000	0.400
1922	0.756	0.000
1450	0.022	0.247
1621	0.385	0.220
1708	0.674	0.078
2156	0.373	0.331
812	0.718	0.000
14	0.167	0.287
2054	0.870	0.000
924	0.414	0.210
399	0.039	0.220
1848	0.514	0.349
1625	0.020	0.460
1720	0.264	0.301
264	0.106	0.593
1028	0.657	0.147
665	0.519	0.038
7	0.592	0.092
72	0.313	0.154
1695	0.463	0.142
1182	0.341	0.250
426	0.128	0.495
1778	0.530	0.160
573	0.679	0.000
454	0.159	0.401
1217	0.000	0.427
1166	0.145	0.251
1547	0.356	0.311
2073	0.043	0.444
1974	0.045	0.500
457	0.043	0.453
776	0.870	0.000
840	0.462	0.114
1053	0.045	0.346
318	0.280	0.187
549	0.411	0.161
312	0.393	0.103
1322	0.000	0.222
1018	0.279	0.377
1286	0.369	0.236
200	0.425	0.195
2129	0.102	0.132
1486	0.039	0.445
30	0.036	0.283
1498	0.044	0.451
113	0.000	0.432
2113	0.052	0.489
1640	0.065	0.381
1885	0.429	0.173
286	0.671	0.000
265	0.460	0.113
2014	0.525	0.217
877	0.000	0.198
2033	0.269	0.321
1935	0.779	0.000
1211	0.481	0.021
1608	0.338	0.262
115	0.000	0.562
271	0.062	0.340
288	0.551	0.111
1414	0.397	0.226
1048	0.283	0.283
1679	0.200	0.277
2102	0.256	0.291
49	0.200	0.015
1525	0.386	0.234
3	0.234	0.345
875	0.241	0.300
881	0.370	0.181
1116	0.295	0.237
1004	0.453	0.182
1297	0.023	0.348
519	0.437	0.225
725	0.382	0.197
71	0.037	0.471
1266	0.082	0.388
2188	0.091	0.358
1130	0.691	0.000
1331	0.557	0.186
473	0.312	0.253
2180	0.161	0.169
1685	0.331	0.324
886	0.070	0.420
1283	0.145	0.207
1790	0.000	0.403
1443	0.232	0.066
971	0.362	0.333
1617	0.408	0.190
539	0.080	0.500
2224	0.025	0.232
375	0.347	0.159
810	0.076	0.559
1691	0.433	0.163
545	0.045	0.459
419	0.155	0.589
2128	0.324	0.275
108	0.305	0.258
767	0.088	0.441
1228	0.263	0.134
417	0.081	0.468
343	0.262	0.252
1304	0.204	0.312
1861	0.213	0.324
435	0.321	0.403
1532	0.043	0.426
1278	0.624	0.112
815	0.239	0.183
689	0.216	0.433
910	0.624	0.053
1713	0.127	0.151
652	0.082	0.549
716	0.179	0.101
852	0.461	0.121
984	0.377	0.297
137	0.523	0.251
217	0.034	0.328
850	0.703	0.141
428	0.479	0.185
585	0.034	0.430
1765	0.702	0.021
1574	0.480	0.061
972	0.231	0.338
997	0.250	0.330
2078	0.517	0.070
1350	0.080	0.329
869	0.497	0.211
2226	0.098	0.510
814	0.409	0.158
1316	0.292	0.194
1921	0.046	0.242
425	0.920	0.000
912	0.496	0.195
1496	0.022	0.400
2159	0.573	0.111
2112	0.441	0.168
798	0.417	0.262
1226	0.039	0.442
1519	0.380	0.187
597	0.752	0.128
948	0.000	0.590
786	0.524	0.143
407	0.277	0.337
836	0.109	0.408
498	0.000	0.430
287	0.074	0.529
361	0.053	0.356
1190	0.623	0.029
460	0.321	0.158
1239	0.598	0.054
1401	0.068	0.379
290	0.246	0.304
110	0.129	0.491
1867	0.000	0.397
960	0.406	0.193
1956	0.325	0.362
1651	0.000	0.444
1913	0.770	0.000
1644	0.461	0.101
1072	0.705	0.054
2220	0.450	0.282
364	0.327	0.226
1311	0.455	0.189
1613	0.156	0.375
1225	0.023	0.236
944	0.033	0.268
257	0.897	0.000
1406	0.109	0.434
74	0.399	0.203
1477	0.034	0.411
1433	0.592	0.000
833	0.148	0.562
828	0.201	0.328
61	0.047	0.519
47	0.114	0.205
139	0.197	0.368
1633	0.272	0.211
299	0.697	0.048
1461	0.643	0.051
1507	0.489	0.052
762	0.274	0.363
646	0.321	0.365
1175	0.190	0.306
867	0.051	0.468
1969	0.094	0.281
2000	0.503	0.000
755	0.034	0.310
216	0.818	0.000
1128	0.748	0.047
1466	0.000	0.364
2187	0.036	0.391
2086	0.071	0.173
1865	0.518	0.047
980	0.181	0.391
317	0.784	0.000
923	0.833	0.000
1800	0.411	0.160
2163	0.508	0.016
1361	0.485	0.000
1652	0.684	0.021
381	0.078	0.345
1905	0.258	0.271
2117	0.118	0.453
1988	0.203	0.220
873	0.000	0.491
872	0.034	0.235
377	0.127	0.176
1086	0.202	0.430
1058	0.462	0.190
140	0.373	0.074
1594	0.766	0.000
1031	0.186	0.215
1075	0.092	0.411
75	0.449	0.019
1047	0.152	0.139
1590	0.206	0.298
719	0.378	0.053
2091	0.815	0.000
525	0.386	0.168
720	0.087	0.412
1262	0.494	0.169
891	0.466	0.256
2166	0.320	0.333
1050	0.767	0.037
667	0.571	0.134
774	0.197	0.284
401	0.046	0.472
99	0.379	0.078
1490	0.563	0.049
2206	0.336	0.211
436	0.848	0.000
2137	0.352	0.385
1504	0.025	0.496
416	0.295	0.290
314	0.035	0.493
1160	0.513	0.113
1530	0.396	0.295
1036	0.356	0.316
1796	0.521	0.186
1920	0.042	0.198
1380	0.748	0.000
1898	0.195	0.336
1886	0.302	0.156
