1955	0.9025641025641026
625	0.8926174496644296
1015	0.8263473053892215
393	0.9133858267716536
2212	0.8092105263157895
287	0.9508196721311475
1404	0.8928571428571429
947	0.8152173913043478
2042	0.7908496732026143
1343	0.9455782312925171
1437	0.83399209486166
342	0.7792642140468228
1902	0.7512437810945274
1392	0.8706896551724138
1527	0.654054054054054
982	0.7777777777777778
1469	0.9470198675496688
2239	0.7166666666666667
957	0.9190751445086706
777	0.9696969696969697
618	0.8652482269503546
1673	0.7301587301587301
2193	0.6888111888111889
862	0.7676767676767676
149	0.9078947368421053
802	0.8277153558052435
1430	0.8012422360248447
1926	0.8439306358381503
2130	0.695906432748538
167	0.972972972972973
1618	0.7473684210526316
1402	0.7192982456140351
620	0.7559055118110236
1992	0.9813664596273292
1604	0.7316017316017316
1586	0.8898305084745762
434	0.8968253968253969
636	0.9110169491525424
1417	0.9071428571428571
2027	0.6962616822429907
1051	0.6878306878306878
1341	0.8862559241706162
118	0.9301310043668122
1422	0.7829457364341085
773	0.6770833333333334
938	0.9126984126984127
764	0.7828571428571428
740	0.8653846153846154
1453	0.8783269961977186
536	0.6871165644171779
730	0.7151515151515152
1824	0.823076923076923
671	0.847457627118644
201	0.8715596330275229
522	0.7898550724637681
1081	0.8518518518518519
1448	0.9671052631578947
1244	0.7394636015325671
524	0.7680412371134021
1690	0.7428571428571429
124	0.8188405797101449
435	0.9558823529411765
670	0.8636363636363636
1184	0.9130434782608695
1049	0.8165680473372781
880	0.873015873015873
57	0.7559523809523809
1544	0.8445945945945946
344	0.795
1669	0.7267441860465116
647	0.7528089887640449
1113	0.9243697478991597
814	0.8295454545454546
500	0.907103825136612
1374	0.8944099378881988
838	0.8947368421052632
852	0.7065217391304348
666	0.6435643564356436
1097	0.9753086419753086
833	0.9296875
881	0.8
250	0.9172413793103448
694	0.8384615384615385
979	0.9658119658119658
2132	0.9333333333333333
1787	0.7416666666666667
2098	0.7195121951219512
202	0.8352941176470589
998	0.8473282442748091
2069	0.6933333333333334
963	0.8345864661654135
714	0.8878923766816144
402	0.8922155688622755
2188	0.6936416184971098
917	0.6956521739130435
497	0.8300653594771242
2228	0.9289617486338798
948	0.847457627118644
1454	0.9810126582278481
1716	0.7784090909090909
1526	0.6767241379310345
1045	0.7136363636363636
449	0.7737556561085973
1510	0.8533834586466166
364	0.7
1789	0.7666666666666667
258	0.9111969111969112
2002	0.9408602150537635
726	0.6887417218543046
1401	0.786096256684492
970	0.7301587301587301
1314	0.9827586206896551
1157	0.8260869565217391
596	0.9612403100775194
1511	0.8455882352941176
1354	0.9702380952380952
1929	0.9393939393939394
1427	0.8938053097345132
1537	0.8342857142857143
86	0.9576271186440678
8	0.8356164383561644
17	0.8033333333333333
1751	0.8410596026490066
1849	0.7927272727272727
1707	0.7362637362637363
1288	0.9440298507462687
394	0.823943661971831
1575	0.676595744680851
1623	0.9166666666666666
1431	0.9375
1742	0.8818181818181818
1209	0.9243697478991597
2139	0.7804878048780488
63	0.8807947019867549
697	0.8181818181818182
964	0.746031746031746
260	0.9047619047619048
1958	0.7653061224489796
1460	0.9166666666666666
821	0.754601226993865
182	0.8925619834710744
1852	0.9693251533742331
853	0.6666666666666666
771	0.9044117647058824
1689	0.9689922480620154
1483	0.8191489361702128
1578	0.8255813953488372
513	0.8646616541353384
525	0.9447236180904522
1945	0.7167630057803468
565	0.8930817610062893
1746	0.7333333333333333
661	0.8675213675213675
134	0.6844444444444444
954	0.759493670886076
1738	0.8366336633663366
1589	0.7261146496815286
137	0.695067264573991
309	0.9074074074074074
1508	0.834319526627219
760	0.8203592814371258
1686	0.7302631578947368
2101	0.6862745098039216
1646	0.9385964912280702
368	0.9596774193548387
1240	0.8782051282051282
2024	0.7948717948717948
652	0.7426470588235294
796	0.8743961352657005
1158	0.69375
1705	0.9724770642201835
2192	0.7508305647840532
378	0.7637362637362637
470	0.963302752293578
2104	0.7340425531914894
529	0.8876404494382022
146	0.8511904761904762
2127	0.9508196721311475
1329	0.847457627118644
2090	0.8175182481751825
1236	0.7219730941704036
797	0.9512195121951219
822	0.9503105590062112
1793	0.8741721854304636
1058	0.8658536585365854
1425	0.9053254437869822
1577	0.92
1726	0.9633507853403142
990	0.8819875776397516
806	0.9830508474576272
143	0.722972972972973
997	0.8981481481481481
780	0.8571428571428571
448	0.8789237668161435
1265	0.7953216374269005
717	0.8857142857142857
73	0.8606060606060606
1213	0.8227848101265823
333	0.6890756302521008
390	0.6666666666666666
420	0.7942238267148014
458	0.7837837837837838
40	0.7354260089686099
1227	0.9054054054054054
1803	0.8391304347826087
479	0.7703703703703704
837	0.7766990291262136
949	0.9084507042253521
218	0.8780487804878049
1687	0.9057971014492754
215	0.9918367346938776
1893	0.9859154929577465
1238	0.7630057803468208
429	0.8922155688622755
319	0.6716981132075471
1172	0.8232558139534883
1022	0.7985611510791367
1038	0.8787878787878788
2007	0.7089201877934272
476	0.85
628	0.9024390243902439
613	0.9477124183006536
1464	0.6802325581395349
389	0.9273743016759777
100	0.8732394366197183
2166	0.8636363636363636
615	0.7021276595744681
2194	0.7972972972972973
1001	0.6993865030674846
889	0.672645739910314
2062	0.7746478873239436
278	0.9508196721311475
1101	0.8471337579617835
601	0.8628571428571429
1835	0.9398496240601504
1080	0.7329545454545454
1850	0.9794520547945206
195	0.7727272727272727
426	0.8738738738738738
53	0.793939393939394
1887	0.7625570776255708
157	0.9390243902439024
752	0.8670212765957447
2111	0.8454545454545455
2035	0.7805907172995781
915	0.7323232323232324
2012	0.84251968503937
2218	0.8774193548387097
1801	0.7121212121212122
175	0.967741935483871
1770	0.8916666666666667
2070	0.9788732394366197
1842	0.8623853211009175
587	0.8554216867469879
87	0.7441860465116279
931	0.8897058823529411
1166	0.9565217391304348
1651	0.9351851851851852
540	0.8598130841121495
37	0.8622754491017964
401	0.8807339449541285
392	0.7212121212121212
467	0.75
1170	0.7517241379310344
47	0.7147058823529412
1650	0.7137404580152672
1337	0.7806451612903226
1109	0.8802395209580839
244	0.9506172839506173
1584	0.8709677419354839
1355	0.8689655172413793
109	0.7295597484276729
576	0.717391304347826
1181	0.8044692737430168
961	0.6946107784431138
1622	0.9230769230769231
1630	0.8037974683544303
1765	0.8917525773195877
1791	0.9357798165137615
751	0.8297872340425532
1897	0.9375
475	0.8430232558139535
376	0.916083916083916
234	0.6809815950920245
650	0.9877049180327869
293	0.725925925925926
281	0.8260869565217391
413	0.7586206896551724
942	0.7988165680473372
357	0.85
1271	0.7540983606557377
2182	0.7294117647058823
2200	0.9238095238095239
1833	0.7471910112359551
2068	0.847682119205298
325	0.7873563218390804
24	0.7090909090909091
1040	0.8893617021276595
720	0.7383720930232558
689	0.7407407407407407
52	0.730593607305936
1972	0.8565217391304348
136	0.8473282442748091
1921	0.7582938388625592
533	0.8493723849372385
1985	0.76
172	0.6875
754	0.8725490196078431
713	0.9090909090909091
2164	0.914572864321608
1432	0.697986577181208
1567	0.7926267281105991
140	0.6694214876033058
1754	0.9043478260869565
1538	0.8661417322834646
2001	0.7193877551020408
499	0.8024691358024691
869	0.7654320987654321
1815	0.8940397350993378
1075	0.8963414634146342
677	0.8565022421524664
1965	0.7725118483412322
642	0.945054945054945
743	0.7586206896551724
1382	0.724907063197026
1024	0.8344827586206897
1792	0.74
560	0.6878306878306878
1940	0.7087912087912088
1408	0.898989898989899
541	0.9186991869918699
1470	0.8888888888888888
2189	0.9724137931034482
223	0.6793893129770993
1281	0.8666666666666667
2112	0.8601398601398601
1179	0.7777777777777778
719	0.7244897959183674
646	0.927710843373494
748	0.7120418848167539
132	0.6971153846153846
1571	0.6942148760330579
1269	0.940677966101695
1082	0.7428571428571429
1700	0.7449664429530202
2195	0.7733333333333333
1889	0.7841409691629956
1406	0.9147286821705426
144	0.8042328042328042
702	0.803030303030303
2157	0.694300518134715
1667	0.7534246575342466
2091	0.8427672955974843
1680	0.9090909090909091
745	0.963302752293578
711	0.7034482758620689
1699	0.88
217	0.8130081300813008
2113	0.8027210884353742
1346	0.8198198198198198
399	0.8388429752066116
1071	0.8958333333333334
424	0.9444444444444444
1641	0.6929824561403509
858	0.8306878306878307
701	0.7185185185185186
603	0.827027027027027
1986	0.9011627906976745
2230	0.7962382445141066
2056	0.7168141592920354
1452	0.7165354330708661
983	0.9084507042253521
1547	0.9481481481481482
542	0.7948717948717948
994	0.8627450980392157
599	0.9612403100775194
1947	0.8832116788321168
1517	0.8482142857142857
585	0.7383720930232558
51	0.9572649572649573
257	0.9931506849315068
841	0.8343558282208589
508	0.9557522123893806
82	0.6807228915662651
1739	0.9207317073170732
1339	0.8453038674033149
1398	0.9310344827586207
441	0.7058823529411765
1701	0.891566265060241
2099	0.918918918918919
2085	0.8409090909090909
1566	0.7358490566037735
97	0.7515151515151515
1450	0.9437229437229437
562	0.7289156626506024
58	0.8932038834951457
238	0.9020979020979021
155	0.8368794326241135
71	0.7266666666666667
721	0.9047619047619048
1978	0.832
835	0.727810650887574
451	0.8809523809523809
348	0.9128205128205128
1756	0.8074534161490683
320	0.945054945054945
183	0.8722222222222222
1710	0.7291666666666666
800	0.8079470198675497
1000	0.963302752293578
699	0.8738317757009346
2094	0.7328767123287672
1735	0.8866995073891626
249	0.8771929824561403
1120	0.7633587786259542
119	0.7242798353909465
2147	0.8874172185430463
450	0.9357798165137615
96	0.7089201877934272
682	0.8395061728395061
1600	0.7615384615384615
355	0.9625668449197861
811	0.918918918918919
36	0.9253731343283582
1720	0.7696335078534031
1205	0.9225806451612903
1264	0.926829268292683
1713	0.797752808988764
99	0.8363636363636363
231	0.8582089552238806
1763	0.7700534759358288
228	0.9047619047619048
1631	0.9537037037037037
398	0.7857142857142857
2123	0.7350993377483444
2011	0.8854166666666666
904	0.9743589743589743
1129	0.9166666666666666
396	0.9405940594059405
93	0.6776315789473685
171	0.6683937823834197
621	0.8658536585365854
1588	0.9383561643835616
1909	0.8928571428571429
1032	0.9003831417624522
199	0.8823529411764706
2235	0.891156462585034
1185	0.8176100628930818
383	0.7954545454545454
240	0.9193548387096774
340	0.8603351955307262
770	0.8294573643410853
624	0.8968253968253969
1381	0.6940298507462687
2210	0.6818181818181818
1473	0.9019607843137255
895	0.7455621301775148
1914	0.7182320441988951
1772	0.949685534591195
1957	0.7420814479638009
1478	0.8012820512820513
1703	0.9090909090909091
273	0.9295774647887324
1445	0.8504672897196262
2129	0.8789473684210526
658	0.9532710280373832
1572	0.9104477611940298
1688	0.8995633187772926
808	0.8195488721804511
419	0.8294573643410853
1458	0.7135922330097088
80	0.8682634730538922
1964	0.7755102040816326
1057	0.9523809523809523
1918	0.8429319371727748
551	0.7298850574712644
1541	0.9024390243902439
520	0.7142857142857143
292	0.7740112994350282
1653	0.905982905982906
95	0.9444444444444444
1761	0.9090909090909091
2187	0.8391608391608392
1590	0.7972972972972973
1861	0.8434782608695652
477	0.896551724137931
141	0.9290322580645162
116	0.7194570135746606
2115	0.8823529411764706
1280	0.7763975155279503
1463	0.92
531	0.9211822660098522
798	0.7565217391304347
607	0.6948051948051948
1338	0.832258064516129
1862	0.92018779342723
1482	0.783625730994152
1806	0.7777777777777778
825	0.9411764705882353
669	0.776595744680851
200	0.6858638743455497
1010	0.7256637168141593
321	0.9144385026737968
871	0.8344370860927153
1592	0.7903225806451613
2216	0.8540145985401459
2086	0.7892857142857143
1784	0.7926829268292683
1278	0.7586206896551724
2107	0.9060402684563759
1116	0.7837837837837838
1143	0.8310502283105022
158	0.799163179916318
1794	0.8606060606060606
623	0.9490445859872612
1560	0.9139072847682119
349	0.834319526627219
282	0.7365269461077845
2019	0.9256198347107438
1088	0.7898089171974523
757	0.896551724137931
19	0.8048780487804879
1993	0.8826530612244898
1684	0.8580246913580247
1164	0.923469387755102
1063	0.8084112149532711
856	0.7642857142857142
1323	0.967741935483871
1154	0.8571428571428571
1289	0.8390804597701149
1872	0.8333333333333334
1863	0.8486842105263158
778	0.8423423423423423
1781	0.8082901554404145
111	0.7554347826086957
1444	0.9736842105263158
1830	0.8819875776397516
686	0.9357142857142857
268	0.7541899441340782
1563	0.8120300751879699
1745	0.7169811320754716
1753	0.8615384615384616
1505	0.8473282442748091
1907	0.8442906574394463
193	0.95
266	0.8698630136986302
602	0.8663366336633663
505	0.7380952380952381
1237	0.926829268292683
564	0.9259259259259259
2204	0.7366071428571429
1139	0.8702702702702703
729	0.9539473684210527
205	0.7054794520547946
187	0.7635467980295566
732	0.8888888888888888
2040	0.9285714285714286
233	0.8581081081081081
1624	0.6820809248554913
219	0.7329842931937173
2044	0.9333333333333333
1491	0.9435483870967742
1591	0.8409090909090909
1378	0.8380281690140845
2093	0.8208092485549133
985	0.8971428571428571
1856	0.8924302788844621
353	0.8157894736842105
90	0.8311688311688312
1068	0.8441558441558441
67	0.8677685950413223
805	0.9714285714285714
2172	0.7961165048543689
2180	0.7364864864864865
1098	0.8098591549295775
1513	0.9241379310344827
716	0.8972972972972973
514	0.7407407407407407
1260	0.7011494252873564
1362	0.8426966292134831
1296	0.7757575757575758
1457	0.762962962962963
2053	0.9621848739495799
2051	0.8875739644970414
1657	0.9263803680981595
2137	0.6541353383458647
504	0.9289617486338798
1837	0.8609271523178808
1652	0.8274111675126904
346	0.7236842105263158
1241	0.9629629629629629
483	0.7886178861788617
1153	0.8957055214723927
1335	0.8028169014084507
1672	0.8043478260869565
1916	0.7721518987341772
1142	0.9216867469879518
291	0.825
1018	0.89375
1169	0.8793103448275862
1497	0.8043478260869565
1146	0.8456375838926175
425	0.9192825112107623
2030	0.8595890410958904
66	0.75
501	0.9173553719008265
247	0.822429906542056
635	0.8387096774193549
1995	0.9326424870466321
534	0.9482758620689655
1744	0.8817204301075269
1814	0.8444444444444444
358	0.9215686274509803
2198	0.9563106796116505
971	0.8979591836734694
493	0.7289156626506024
1217	0.7563025210084033
2135	0.8538812785388128
1046	0.9236641221374046
865	0.7916666666666666
1449	0.8980891719745223
1484	0.9
631	0.7638888888888888
744	0.8839285714285714
510	0.8607594936708861
1253	0.8333333333333334
490	0.8529411764705882
575	0.9146341463414634
1785	0.8442622950819673
1843	0.9221556886227545
445	0.8658536585365854
1385	0.683206106870229
1500	0.8914728682170543
437	0.8467153284671532
638	0.8561151079136691
2134	0.8794326241134752
1409	0.717391304347826
582	0.9271523178807947
286	0.8074324324324325
901	0.896
1832	0.7661290322580645
850	0.704225352112676
74	0.7567567567567568
2008	0.8742138364779874
1182	0.8888888888888888
872	0.7748344370860927
1901	0.8774509803921569
940	0.8242424242424242
382	0.9432314410480349
1530	0.7844311377245509
1196	0.8225108225108225
992	0.7976878612716763
1879	0.8571428571428571
313	0.7991803278688525
644	0.9293478260869565
2156	0.951048951048951
619	0.7086956521739131
1847	0.7771084337349398
1944	0.9097222222222222
2096	0.7292418772563177
1042	0.6972972972972973
1580	0.7278481012658228
1255	0.9078947368421053
1658	0.8222222222222222
1061	0.911504424778761
741	0.8395522388059702
801	0.7983193277310925
812	0.8013245033112583
763	0.7215909090909091
969	0.8863636363636364
1348	0.84688995215311
2009	0.9270833333333334
206	0.7012195121951219
1518	0.8854961832061069
817	0.8068181818181818
604	0.8601398601398601
1545	0.7157360406091371
2055	0.8823529411764706
1866	0.7720588235294118
537	0.7806451612903226
1312	0.8152173913043478
1105	0.7514792899408284
295	0.8296296296296296
138	0.7976190476190477
1817	0.9940828402366864
877	0.9181818181818182
1126	0.8629032258064516
608	0.6870748299319728
422	0.9562043795620438
1455	0.8995433789954338
830	0.7846153846153846
913	0.7402597402597403
1980	0.7317073170731707
2154	0.7034883720930233
1966	0.7197802197802198
1809	0.706766917293233
2089	0.8844221105527639
861	0.875
2080	0.9583333333333334
873	0.8294117647058824
2150	0.7320754716981132
1528	0.8482142857142857
1496	0.8776978417266187
2048	0.6666666666666666
746	0.9015151515151515
1141	0.8582089552238806
1309	0.9145299145299145
2153	0.8881578947368421
1134	0.7228070175438597
1548	0.95
1231	0.7568807339449541
408	0.9395973154362416
45	0.7623762376237624
1865	0.7231638418079096
2226	0.847457627118644
1620	0.7388535031847133
736	0.8504672897196262
2004	0.925
1857	0.9823008849557522
1748	0.8860103626943006
750	0.7403314917127072
267	0.7027027027027027
502	0.7931034482758621
154	0.8759124087591241
2176	0.9152542372881356
1660	0.7444444444444445
1459	0.8257575757575758
1011	0.7384615384615385
1212	0.8177570093457944
2191	0.8108108108108109
1724	0.8632075471698113
519	0.8120805369127517
208	0.8805031446540881
2202	0.7444444444444445
469	0.951048951048951
1369	0.8992248062015504
1376	0.8503937007874016
1561	0.8527131782945736
1202	0.9688888888888889
1536	0.6861702127659575
1477	0.9383561643835616
2159	0.8035714285714286
1221	0.8797814207650273
283	0.8429319371727748
1145	0.8137931034482758
423	0.6342412451361867
177	0.6902173913043478
1983	0.8232323232323232
1911	0.7860082304526749
77	0.87248322147651
472	0.6973180076628352
2185	0.9365079365079365
1407	0.8226600985221675
1474	0.8
2181	0.910958904109589
2013	0.9246861924686193
1333	0.7790697674418605
2088	0.7387387387387387
1171	0.8564356435643564
570	0.768595041322314
453	0.8627450980392157
2211	0.8904109589041096
1216	0.7906976744186046
874	0.9291338582677166
1870	0.9606299212598425
2186	0.7391304347826086
692	0.8701298701298701
1168	0.8640776699029126
32	0.7987220447284346
1204	0.8547486033519553
1332	0.8627450980392157
574	0.910828025477707
114	0.9144736842105263
464	0.9322033898305084
1734	0.9717514124293786
1053	0.8913043478260869
1013	0.837696335078534
275	0.7772511848341233
1502	0.8557213930348259
289	0.8291139240506329
1085	0.8754716981132076
1052	0.9343065693430657
1276	0.7644927536231884
35	0.6834170854271356
1773	0.823170731707317
1961	0.9011627906976745
1194	0.746938775510204
1871	0.8731343283582089
2014	0.9504132231404959
816	0.75
153	0.9262295081967213
1617	0.9444444444444444
1326	0.9044585987261147
1114	0.8938053097345132
410	0.7586206896551724
597	0.965034965034965
367	0.6933962264150944
737	0.8908450704225352
1122	0.7291666666666666
1927	0.9166666666666666
903	0.7124183006535948
2049	0.8287037037037037
966	0.8127853881278538
511	0.6477272727272727
876	0.7121951219512195
2076	0.8292682926829268
1943	0.9402985074626866
1435	0.8958333333333334
1908	0.7755102040816326
2170	0.8571428571428571
1606	0.9433962264150944
553	0.8255813953488372
836	0.8609625668449198
1969	0.7426900584795322
1468	0.9016393442622951
433	0.8125
590	0.7167630057803468
2025	0.6715686274509803
122	0.9395973154362416
1328	0.6771653543307087
612	0.8111111111111111
784	0.906832298136646
261	0.7560975609756098
695	0.8445945945945946
70	0.6652360515021459
1017	0.775
1274	0.88
440	0.9705882352941176
1207	0.9163346613545816
749	0.825503355704698
1501	0.6890756302521008
840	0.9032258064516129
1757	0.8603351955307262
860	0.792
135	0.9485294117647058
1462	0.9794520547945206
1771	0.8015873015873016
152	0.9672897196261683
1102	0.8037383177570093
1774	0.76
708	0.9254658385093167
1659	0.9166666666666666
160	0.8609022556390977
1118	0.8828125
1741	0.8633093525179856
1291	0.7222222222222222
452	0.6761904761904762
10	0.7227722772277227
1868	0.832
1144	0.7254901960784313
1938	0.8089887640449438
101	0.9417040358744395
1415	0.7919463087248322
1099	0.7777777777777778
1008	0.849624060150376
1234	1.0
579	0.769811320754717
317	0.896551724137931
1447	0.8402366863905325
248	0.8979591836734694
1776	0.8615384615384616
1267	0.6934306569343066
1750	0.8049645390070922
34	0.9361702127659575
1873	0.7903225806451613
2087	0.7292817679558011
1131	0.7783783783783784
742	0.8440860215053764
1306	0.6732283464566929
867	0.7727272727272727
1708	0.7837837837837838
561	0.9565217391304348
1245	0.9452054794520548
1347	0.9746835443037974
1766	0.8974358974358975
2173	0.8372093023255814
1096	0.7445255474452555
2110	0.7523364485981309
1990	0.9423076923076923
2125	0.9836065573770492
960	0.6697247706422018
606	0.7171052631578947
1394	0.8455284552845529
1327	0.9375
1064	0.8767123287671232
1603	0.9194630872483222
723	0.8983050847457628
1798	0.6902173913043478
712	0.9338842975206612
1418	0.7857142857142857
1037	0.9266666666666666
1481	0.976
115	0.8175675675675675
637	0.6879432624113475
239	0.8926553672316384
1054	0.8728323699421965
33	0.6991869918699187
1489	0.8666666666666667
1299	0.7368421052631579
912	0.8702290076335878
379	0.7450980392156863
1931	0.9568965517241379
1846	0.7311827956989247
974	0.8848920863309353
1598	0.8351648351648352
1368	0.7219251336898396
209	0.8277310924369747
235	0.9214285714285714
1951	0.7171052631578947
1906	0.7984496124031008
75	0.7534246575342466
2105	0.7272727272727273
373	0.8161764705882353
1285	0.7834645669291339
1067	0.8690476190476191
517	0.7639751552795031
1104	0.8367346938775511
1694	0.9591836734693877
1087	0.7956989247311828
312	0.8705357142857143
294	0.7028571428571428
2215	0.8407079646017699
864	0.7777777777777778
1758	0.9057971014492754
391	0.9696969696969697
783	0.7238805970149254
1959	0.8092783505154639
330	0.7666666666666667
2209	0.8013698630136986
1743	0.9727272727272728
465	0.8333333333333334
2126	0.7265625
50	0.8620689655172413
2006	0.7352941176470589
1882	0.868020304568528
498	0.9444444444444444
329	0.7647058823529411
2114	0.8535353535353535
2071	0.8925619834710744
1695	0.9024390243902439
79	0.9565217391304348
559	0.7341040462427746
1189	0.7284768211920529
1685	0.8562091503267973
1336	0.851145038167939
1595	0.8873239436619719
1286	0.6885245901639344
1934	0.9813953488372092
953	0.7705882352941177
156	0.6844919786096256
753	0.7509881422924901
1899	0.837037037037037
1135	0.7102272727272727
271	0.8441558441558441
81	0.9709302325581395
1970	0.8809523809523809
1077	0.736318407960199
7	0.944954128440367
681	0.796875
691	0.6973684210526315
76	0.801948051948052
2236	0.8197879858657244
1534	0.8571428571428571
1679	0.7034482758620689
1960	0.8921161825726142
2234	0.7647058823529411
468	0.7844827586206896
654	0.8914728682170543
178	0.7512953367875648
1610	0.782608695652174
1854	0.8127853881278538
1640	0.9235294117647059
1195	0.7966804979253111
1396	0.9099099099099099
809	0.7927461139896373
1633	0.8040540540540541
1596	0.9197530864197531
839	0.7070063694267515
2092	0.8936170212765957
1380	0.8323353293413174
62	0.8103448275862069
362	0.7083333333333334
593	0.9863013698630136
1443	0.7436708860759493
164	0.8217054263565892
543	0.71
539	0.8785046728971962
1294	0.9195402298850575
185	0.8028846153846154
937	0.8053691275167785
1988	0.6643835616438356
1293	0.8776978417266187
2238	0.8918918918918919
6	0.7896995708154506
1558	0.9541284403669725
727	0.8073770491803278
1279	0.7857142857142857
1178	0.8303030303030303
198	0.8981481481481481
2213	0.6797385620915033
1050	0.7926829268292683
910	0.8518518518518519
786	0.7966101694915254
1218	0.975
1678	0.8197424892703863
2205	0.8
555	0.7658730158730159
1485	0.8881578947368421
60	0.87248322147651
1915	0.9506726457399103
2224	0.7391304347826086
584	0.9602272727272727
2146	0.8324873096446701
518	0.7575757575757576
1574	0.875968992248062
1812	0.937984496124031
442	0.8478260869565217
1007	0.8252427184466019
2081	0.8743169398907104
1076	0.7294117647058823
1820	0.7153024911032029
1174	0.7843866171003717
591	0.8797814207650273
1613	0.9296875
1230	0.8145695364238411
1535	0.9191176470588235
1442	0.7443609022556391
1676	0.7964071856287425
807	0.6870748299319728
1389	0.6736842105263158
870	0.8914728682170543
1365	0.8895348837209303
893	0.7352941176470589
610	0.8477157360406091
1372	0.7696629213483146
0	0.8807947019867549
1125	0.6834170854271356
941	0.9015544041450777
2095	0.8405172413793104
709	0.786046511627907
1364	0.8267326732673267
484	0.928
1507	0.9148936170212766
131	0.8846153846153846
2145	0.9057971014492754
270	0.788135593220339
710	0.7547169811320755
18	0.8495145631067961
174	0.8115942028985508
1805	0.8482142857142857
1100	0.7910447761194029
2197	0.788235294117647
857	0.7452229299363057
1117	0.7216981132075472
1551	0.8153846153846154
230	0.7468354430379747
1480	0.7745901639344263
259	0.8068181818181818
1635	0.839622641509434
1399	0.7045454545454546
1796	0.9154929577464789
418	0.8944099378881988
649	0.9256198347107438
1165	0.7068965517241379
1779	0.8461538461538461
1878	0.8904109589041096
2050	0.7473118279569892
1752	0.9363295880149812
1197	0.8658008658008658
2078	0.8116591928251121
2149	0.7163120567375887
1962	0.8108108108108109
722	0.8461538461538461
1039	0.8615384615384616
55	0.9534883720930233
252	0.73125
2034	0.7272727272727273
1674	0.7272727272727273
204	0.7598039215686274
91	0.8770949720670391
5	0.7055837563451777
9	0.8347457627118644
972	0.8571428571428571
684	0.9527027027027027
1092	0.9184549356223176
1715	0.8404255319148937
1506	0.8432835820895522
568	0.6807511737089202
2183	0.7025316455696202
123	0.8201754385964912
2046	0.7509578544061303
2059	0.9840425531914894
1033	0.838150289017341
2005	0.9204545454545454
395	0.8220338983050848
1219	0.8111888111888111
439	0.6883116883116883
365	0.7439613526570048
922	0.958041958041958
967	0.7393364928909952
1413	0.8461538461538461
1855	0.7588235294117647
350	0.7148760330578512
724	0.7611940298507462
634	0.72
385	0.6825396825396826
2023	0.6766917293233082
2152	0.6375838926174496
361	0.7330316742081447
1933	0.7298850574712644
1867	0.7814569536423841
546	0.864406779661017
1920	0.9071729957805907
1151	0.8562091503267973
304	0.759825327510917
381	0.819672131147541
506	0.722488038277512
795	0.9098360655737705
56	0.9354838709677419
1210	0.7663043478260869
1531	0.7032258064516129
1441	0.8031914893617021
1996	0.9333333333333333
1211	0.653968253968254
595	0.8127490039840638
1829	0.8263888888888888
1877	0.8153846153846154
900	0.7114093959731543
1838	0.8838709677419355
1016	0.7869822485207101
1648	0.7976190476190477
1416	0.8263157894736842
2108	0.9320987654320988
430	0.8119266055045872
664	0.8345070422535211
166	0.9794520547945206
457	0.9663865546218487
1177	0.9625
507	0.8359375
975	0.9273743016759777
1795	0.9130434782608695
1027	0.808695652173913
2063	0.7348484848484849
129	0.8888888888888888
280	0.8235294117647058
1403	0.9235294117647059
377	0.7580645161290323
831	0.9019607843137255
68	0.967479674796748
1597	0.9144736842105263
1892	0.7414965986394558
11	0.7280701754385965
222	0.845771144278607
307	0.976878612716763
1331	0.8958333333333334
1203	0.8407643312101911
626	0.7764705882352941
1272	0.8571428571428571
480	0.8774509803921569
698	0.8688524590163934
1163	0.9326424870466321
1456	0.6940298507462687
1224	0.8691588785046729
1698	0.8787878787878788
1438	0.9029850746268657
1599	0.918918918918919
165	0.7315789473684211
2022	0.863905325443787
462	0.8059701492537313
2036	0.9305555555555556
1301	0.9236641221374046
1880	0.8682170542635659
354	0.7794117647058824
352	0.9391891891891891
105	0.86875
1200	0.8586387434554974
1006	0.8536585365853658
12	0.9264705882352942
989	0.7972972972972973
414	0.75
1823	0.6990291262135923
41	0.7566137566137566
1522	0.7325581395348837
220	0.9587155963302753
1161	0.7795698924731183
224	0.7706422018348624
106	0.8135593220338984
360	0.8545454545454545
1056	0.9185185185185185
1199	0.9076923076923077
145	0.9111111111111111
212	0.8695652173913043
130	0.9245283018867925
1093	0.963302752293578
503	0.860655737704918
417	0.9841269841269841
2174	0.7079207920792079
1043	0.8421052631578947
986	0.9137931034482759
485	0.8719512195121951
1322	0.8389830508474576
1361	0.7774390243902439
592	0.8981481481481481
2219	0.8137931034482758
556	0.7016574585635359
1642	0.8359375
2074	0.9679144385026738
1193	0.7837837837837838
665	0.8047619047619048
4	0.7296416938110749
110	0.696
1706	0.918918918918919
1479	0.8433734939759037
107	0.8466257668711656
1797	0.782608695652174
1059	0.8689655172413793
1248	0.9301075268817204
2128	0.8148148148148148
1963	0.7950819672131147
245	0.8639455782312925
891	0.9411764705882353
2120	0.6832740213523132
1512	0.7839195979899497
1414	0.9060402684563759
846	0.770949720670391
651	0.7532467532467533
98	0.7083333333333334
2117	0.8121212121212121
1106	0.792
1519	0.9520958083832335
2057	0.8299319727891157
1732	0.8175182481751825
718	0.8691588785046729
184	0.8979591836734694
1420	0.9702380952380952
388	0.8869565217391304
397	0.7045454545454546
632	0.8894736842105263
421	0.8391959798994975
1349	0.8701298701298701
820	0.7181818181818181
1836	0.8175182481751825
690	0.8953488372093024
1019	0.7584905660377359
1546	0.7251461988304093
161	1.0
363	0.9327731092436975
898	0.837037037037037
227	0.7241379310344828
1543	0.7615062761506276
655	0.8732394366197183
387	0.9437229437229437
1137	0.9111111111111111
782	0.9172413793103448
49	0.9692307692307692
28	0.9099099099099099
1782	0.89171974522293
494	0.7484662576687117
1864	0.9291338582677166
1138	0.9505494505494505
2060	0.775
3	0.9251700680272109
1912	0.8247422680412371
1370	0.8148148148148148
667	0.7323943661971831
1162	0.84251968503937
1664	0.8309859154929577
1400	0.7315789473684211
221	0.8865248226950354
1725	0.7085427135678392
1839	0.851063829787234
1344	0.6862745098039216
1066	0.6834532374100719
668	0.8695652173913043
478	0.8740740740740741
403	0.6976744186046512
2141	0.8545454545454545
756	0.8461538461538461
550	0.8961038961038961
1553	0.7631578947368421
72	0.7191489361702128
285	0.6994818652849741
1127	0.7514792899408284
1190	0.7622950819672131
878	0.8571428571428571
1379	0.8846153846153846
952	0.6967213114754098
933	0.6950354609929078
180	0.8194444444444444
2142	0.7724550898203593
371	0.8741721854304636
578	0.6771653543307087
2196	0.7112676056338029
2122	0.9159663865546218
1919	0.8767123287671232
1733	0.92
2232	0.7142857142857143
1570	0.9822485207100592
1250	0.8594594594594595
1952	0.9224806201550387
987	0.9083333333333333
1666	0.9629629629629629
225	0.774869109947644
1636	0.9827586206896551
1730	0.6491228070175439
766	0.8543046357615894
492	0.6877828054298643
1954	0.7329192546583851
1831	0.9454545454545454
2000	0.7814569536423841
1682	0.7388535031847133
826	0.7844827586206896
2121	0.9190751445086706
2021	0.9814814814814815
229	0.96
1853	0.7333333333333333
572	0.7079646017699115
1632	0.783068783068783
991	0.8133333333333334
2029	0.7207792207792207
463	0.8758620689655172
2064	0.918918918918919
2045	0.7868020304568528
2151	0.7124183006535948
1885	0.9408284023668639
1313	0.9208333333333333
384	0.8461538461538461
1252	0.7888198757763976
1220	0.8823529411764706
896	0.972972972972973
339	0.9773584905660377
1808	0.8691588785046729
1942	0.8333333333333334
899	0.9008264462809917
404	0.7784810126582279
1764	0.8265895953757225
2109	0.7902097902097902
341	0.9052631578947369
863	0.6861313868613139
929	0.8461538461538461
1979	0.7464114832535885
1242	0.9527027027027027
1266	0.8962962962962963
675	0.7209302325581395
567	0.8421052631578947
792	0.7724137931034483
1629	0.8956521739130435
1601	0.8297872340425532
2072	0.7105263157894737
932	0.8448275862068966
1818	0.8
2158	0.9363636363636364
415	0.9
117	0.8546511627906976
315	0.7231270358306189
688	0.8615384615384616
834	0.9274193548387096
2043	0.8546511627906976
614	0.9142857142857143
84	0.7552447552447552
1091	0.9106145251396648
1540	0.6767241379310345
1665	0.8543046357615894
1777	0.8238636363636364
1788	0.7961783439490446
965	0.8908045977011494
1514	0.793939393939394
1041	0.8505747126436781
2163	0.737037037037037
369	0.8
1894	0.7023809523809523
1923	0.8128654970760234
1712	0.7325581395348837
1804	0.9482758620689655
1186	0.8855421686746988
673	0.6973684210526315
2058	0.8698630136986302
978	0.944
446	0.9272727272727272
211	0.7894736842105263
943	0.84
356	0.7295081967213115
1509	0.8918918918918919
1953	0.7373737373737373
1436	0.703030303030303
1466	0.9078947368421053
1208	0.7213114754098361
908	0.912751677852349
630	0.7863247863247863
1363	0.92
1047	0.7291666666666666
1062	0.9301310043668122
1998	0.6904761904761905
255	0.723404255319149
1357	0.9741935483870968
617	0.8351648351648352
734	0.9351851851851852
1542	0.8296529968454258
897	0.952
1003	0.9340659340659341
1898	0.8129496402877698
1446	0.776
1523	0.675
945	0.9260869565217391
1896	0.9117647058823529
678	0.9172413793103448
370	0.9786324786324786
2133	0.8982035928143712
761	0.8916666666666667
334	0.9145299145299145
1890	0.8211382113821138
246	0.8388888888888889
1556	0.8979591836734694
1156	0.7267080745341615
61	0.926605504587156
609	0.702020202020202
627	0.8590604026845637
588	0.7280701754385965
1310	0.8745247148288974
1973	0.8888888888888888
1060	0.8553459119496856
813	0.7182320441988951
1737	0.8764705882352941
648	0.919047619047619
1393	0.981651376146789
1180	0.8598726114649682
2124	0.8032786885245902
1492	0.8156028368794326
1044	0.8353658536585366
1048	0.6842105263157895
1649	0.8652482269503546
1932	0.8446969696969697
351	0.7802197802197802
1107	0.9120879120879121
1875	0.8403361344537815
1728	0.7686567164179104
934	0.7154471544715447
495	0.8876404494382022
1089	0.8157894736842105
2038	0.7747252747252747
1755	0.8766519823788547
1371	0.6612903225806451
436	0.95
2032	0.85
2065	0.8779342723004695
823	0.7863247863247863
386	0.8162162162162162
1922	0.8473684210526315
1939	0.8176100628930818
1325	0.9257142857142857
85	0.779874213836478
905	0.7463768115942029
1956	0.7298850574712644
1971	0.7014925373134329
2138	0.8028169014084507
366	0.8260869565217391
914	0.7921348314606742
1465	0.852112676056338
855	0.7889908256880734
605	0.7285067873303167
939	0.9073359073359073
875	0.7032967032967034
516	0.8793103448275862
1762	0.7282608695652174
29	0.9649122807017544
1759	0.711864406779661
1702	0.7489177489177489
1334	0.9672131147540983
1525	0.8947368421052632
512	0.9576271186440678
39	0.9018691588785047
263	0.9440559440559441
265	0.7215909090909091
1670	0.9236111111111112
790	0.9931506849315068
1612	0.9012345679012346
1014	0.8614457831325302
1282	0.7466666666666667
1086	0.8076923076923077
548	0.9636363636363636
277	0.9064748201438849
715	0.8355263157894737
1493	0.7431693989071039
1321	0.9136690647482014
1494	0.7489177489177489
557	0.7698412698412699
1428	0.7283950617283951
528	0.7592592592592593
594	0.8565022421524664
1229	0.8657718120805369
1549	0.9813084112149533
951	0.890295358649789
2144	0.8549618320610687
241	0.9805825242718447
150	0.6834532374100719
1984	0.7801418439716312
196	0.9081632653061225
2136	0.9305555555555556
108	0.8248175182481752
1412	0.8
1263	0.7121212121212122
251	0.872093023255814
159	0.6690647482014388
2066	0.904
299	0.9341317365269461
707	0.7839506172839507
2017	0.7486631016042781
1251	0.8918918918918919
589	0.8982035928143712
481	0.8601036269430051
243	0.8902439024390244
2116	0.8809523809523809
2020	0.6737588652482269
828	0.6829268292682927
563	0.863013698630137
274	0.8345323741007195
706	0.7168674698795181
1913	0.8075117370892019
1275	0.9103448275862069
629	0.782312925170068
769	0.7352941176470589
672	0.8450704225352113
1579	0.7219512195121951
1858	0.8606060606060606
1638	0.8449612403100775
569	0.9932885906040269
1717	0.934640522875817
1277	0.6923076923076923
1628	0.7286432160804021
803	0.9223300970873787
641	0.803921568627451
580	0.7515923566878981
758	0.9192546583850931
1020	0.6993006993006993
894	0.8535031847133758
1318	0.8560606060606061
1569	0.9439252336448598
1573	0.7542857142857143
1968	0.8976377952755905
1133	0.9507042253521126
1023	0.8874172185430463
958	0.8992805755395683
1516	0.9324894514767933
847	0.7846153846153846
854	0.9338235294117647
765	0.8057142857142857
1639	0.8717948717948718
461	0.7866666666666666
112	0.7555555555555555
1594	0.805668016194332
818	0.8609625668449198
1256	0.8175675675675675
65	0.7210884353741497
1083	0.65625
288	0.8737373737373737
1721	0.8348623853211009
583	0.9333333333333333
1476	0.8085106382978723
916	0.7777777777777778
1693	0.8625
660	0.9191919191919192
1383	0.7281553398058253
571	0.7010869565217391
956	0.7801047120418848
1391	0.712
1997	0.8220858895705522
1386	0.959731543624161
444	0.8489208633093526
1123	0.7653631284916201
1258	0.8557213930348259
2220	0.8
308	0.9117647058823529
1490	0.8678414096916299
1025	0.8116883116883117
1841	0.7697368421052632
69	0.9652777777777778
318	0.7527472527472527
1816	0.7378640776699029
1009	0.9117647058823529
120	0.9266666666666666
1621	0.9247311827956989
1283	0.6981132075471698
1819	0.7868852459016393
496	0.8333333333333334
885	0.7295918367346939
1827	0.8650793650793651
1826	0.8850574712643678
1704	0.7016574585635359
1981	0.8931297709923665
868	0.9594594594594594
44	0.9645390070921985
2003	0.8805970149253731
848	0.8692307692307693
290	0.8472222222222222
226	0.9573170731707317
102	0.8901098901098901
2018	0.8012422360248447
616	0.7121212121212122
1557	0.9074074074074074
1187	0.8661971830985915
2010	0.8991596638655462
2223	0.856
772	0.8768115942028986
232	0.8120805369127517
1475	0.7421383647798742
981	0.8511904761904762
1350	0.9234234234234234
1192	0.973568281938326
1900	0.8613138686131386
1419	0.8947368421052632
2177	0.8015873015873016
1239	0.893048128342246
2178	0.7358490566037735
1924	0.8942307692307693
935	0.8796992481203008
781	0.9436619718309859
705	0.825503355704698
936	0.7552083333333334
432	0.9926470588235294
89	0.8758620689655172
1440	0.7964071856287425
1731	0.8417721518987342
1426	0.9214659685863874
944	0.9132231404958677
2052	0.7374301675977654
322	0.8888888888888888
1173	0.8435374149659864
27	0.9213483146067416
1935	0.8878504672897196
1065	0.8181818181818182
1655	0.937007874015748
147	0.6910112359550562
1375	0.768
1925	0.6519823788546255
653	0.8271604938271605
191	0.873015873015873
733	0.9699248120300752
1936	0.8088235294117647
1869	0.8955223880597015
1228	0.8755760368663594
643	0.8783269961977186
1585	0.9624060150375939
1778	0.717948717948718
731	0.9418604651162791
788	0.675
1905	0.8387096774193549
980	0.8321678321678322
78	0.8164251207729468
1886	0.71875
1235	0.8654970760233918
1884	0.8505747126436781
192	0.7266187050359713
359	0.8735632183908046
1183	0.7736842105263158
88	0.7888198757763976
2061	0.7716049382716049
1247	0.9508196721311475
535	0.9545454545454546
1760	0.9022556390977443
2155	0.8571428571428571
1308	0.6872246696035242
1504	0.872
1121	0.7283950617283951
1647	0.9136690647482014
663	0.7083333333333334
1028	0.8385650224215246
704	0.8787878787878788
1005	0.9159663865546218
1581	0.9236111111111112
888	0.97165991902834
482	0.963302752293578
1021	0.8907103825136612
2231	0.8617511520737328
887	0.8188976377952756
633	0.9065934065934066
1539	0.8181818181818182
347	0.732824427480916
1090	0.9316770186335404
139	0.7737226277372263
2199	0.9363636363636364
1987	0.7476340694006309
844	0.9700598802395209
787	0.8805970149253731
203	0.7242990654205608
1602	0.8496732026143791
1554	0.8706896551724138
214	0.8600823045267489
1472	0.8439306358381503
2054	0.9657534246575342
1429	0.7053140096618358
946	0.9461538461538461
1340	0.9685534591194969
657	0.863013698630137
142	0.8106060606060606
338	0.7248908296943232
103	0.7008928571428571
645	0.8095238095238095
491	0.7388059701492538
2143	0.9813953488372092
1532	0.9401709401709402
176	0.8688524590163934
310	0.7854077253218884
455	0.8304093567251462
1565	0.8537414965986394
2160	0.7076923076923077
911	0.8732394366197183
1844	0.9065420560747663
1608	0.9242424242424242
892	0.7276119402985075
1711	0.7074829931972789
14	0.9712643678160919
1360	0.7076923076923077
924	0.7941176470588235
125	0.9726027397260274
1614	0.9409090909090909
679	0.8106060606060606
2047	0.7973856209150327
83	0.926605504587156
2161	0.7898089171974523
573	0.7811158798283262
1225	0.9631336405529954
1503	0.7095238095238096
2	0.9272727272727272
2031	0.6666666666666666
1834	0.9251700680272109
264	0.734375
1662	0.9288888888888889
1883	0.8698630136986302
1297	0.7878787878787878
600	0.7241379310344828
25	0.7633587786259542
1780	0.856
656	0.898876404494382
1696	0.8759124087591241
1821	0.9147286821705426
473	0.8701298701298701
544	0.8968253968253969
538	0.8359788359788359
48	0.9626168224299065
509	0.7368421052631579
1201	0.7388535031847133
1055	0.8740157480314961
1461	0.8909090909090909
1874	0.7214611872146118
380	0.8059701492537313
1736	0.7167381974248928
1130	0.8027210884353742
1982	0.9767441860465116
696	0.9351351351351351
372	0.9631901840490797
2225	0.9354838709677419
827	0.775
416	0.67
930	0.9396551724137931
566	0.7558139534883721
298	0.8291457286432161
1034	0.7591240875912408
1150	0.7636363636363637
530	0.8258064516129032
1975	0.7317073170731707
1663	0.976
774	0.8756476683937824
810	0.9322033898305084
2103	0.9720930232558139
2179	0.9491525423728814
2201	0.9147286821705426
2118	0.7870967741935484
1084	0.7281553398058253
13	0.8579881656804734
2168	0.9385964912280702
815	0.9172413793103448
1002	0.7427385892116183
674	0.9696969696969697
1226	0.8260869565217391
849	0.7133333333333334
768	0.8844221105527639
284	0.953757225433526
950	0.8272251308900523
2190	0.9375
2037	0.9083969465648855
1495	0.8916666666666667
1	0.7534246575342466
2229	0.8525641025641025
2165	0.8744769874476988
409	0.9186602870813397
1110	0.8904109589041096
1036	0.9111111111111111
2222	0.8738738738738738
169	0.842391304347826
1946	0.7947368421052632
54	0.762214983713355
301	0.6931818181818182
927	0.9236641221374046
640	0.84
1529	0.7109375
819	0.8857142857142857
1634	0.9024390243902439
316	0.8865248226950354
907	0.9487179487179487
2221	0.8618421052631579
1626	0.8412698412698413
1740	0.8881118881118881
302	0.8451327433628318
829	0.8604651162790697
1315	0.9007633587786259
1723	0.8010752688172043
1254	0.954248366013072
1498	0.8869565217391304
1424	0.9361702127659575
1115	0.8043478260869565
1330	0.7777777777777778
1714	0.9646017699115044
262	0.7763975155279503
1822	0.7717842323651453
996	0.7681159420289855
1095	0.8883248730964467
1810	0.839572192513369
1004	0.7033492822966507
254	0.7214285714285714
755	0.7672955974842768
1499	0.6979166666666666
1397	0.7412587412587412
1876	0.8955223880597015
1904	0.7381974248927039
38	0.8851674641148325
1749	0.8672199170124482
411	0.7724137931034483
412	0.7321428571428571
1395	0.9767441860465116
454	0.6428571428571429
1471	0.9293478260869565
1895	0.7021276595744681
959	0.8782608695652174
2227	0.6834532374100719
680	0.8692307692307693
545	0.9823008849557522
1160	0.8364779874213837
2148	0.9256198347107438
1233	0.7662337662337663
2077	0.6958333333333333
2016	0.8580246913580247
216	0.8587360594795539
2067	0.7982456140350878
725	0.8023952095808383
1351	0.8820224719101124
973	0.8674698795180723
1147	0.8214285714285714
923	0.8579881656804734
549	0.8900523560209425
2217	0.8770949720670391
1377	0.7697841726618705
1176	0.712707182320442
920	0.7541899441340782
1384	0.8278145695364238
207	0.8222222222222222
1910	0.8743169398907104
1709	0.8790322580645161
1802	0.6780487804878049
521	0.7946428571428571
919	0.7365269461077845
2167	0.7904191616766467
297	0.703030303030303
186	0.8837209302325582
1800	0.7529411764705882
1888	0.8931297709923665
489	0.8018018018018018
515	0.915
1124	0.6976744186046512
20	0.6850393700787402
1974	0.8728813559322034
687	0.7990196078431373
1767	0.8944444444444445
1031	0.8297872340425532
305	0.6906077348066298
1967	0.9722222222222222
1270	0.946969696969697
1668	0.9692307692307692
1619	0.7428571428571429
1811	0.6536796536796536
639	0.6825396825396826
1136	0.7642276422764228
1387	0.7380952380952381
1317	0.7967032967032966
1069	0.8681318681318682
1222	0.8984375
2206	0.9230769230769231
168	0.7451923076923077
1520	0.9845360824742269
683	0.7927927927927928
762	0.8012422360248447
902	0.8193548387096774
1358	0.7846153846153846
1433	0.7699530516431925
460	0.7512953367875648
1108	0.92
984	0.8187919463087249
2033	0.7303370786516854
1625	0.8136645962732919
767	0.7724137931034483
622	0.8486842105263158
976	0.7545787545787546
1825	0.7986577181208053
1421	0.8611111111111112
728	0.7050359712230215
1159	0.7448979591836735
1562	0.8571428571428571
1073	0.7619047619047619
2015	0.8160377358490566
1311	0.7225806451612903
133	0.7912087912087912
1259	0.8303030303030303
431	0.6720430107526881
337	0.8579881656804734
735	0.8611111111111112
323	0.86
2028	0.6697674418604651
1656	0.9836065573770492
1859	0.8780487804878049
1615	0.875
2162	0.8888888888888888
968	0.9568965517241379
1675	0.91324200913242
659	0.8333333333333334
237	0.8923076923076924
1644	0.8895027624309392
2041	0.8888888888888888
685	0.9281437125748503
1112	0.8493975903614458
151	0.921875
427	0.9007633587786259
1828	0.8809523809523809
1609	0.8846153846153846
1140	0.8671875
918	0.8832116788321168
188	0.8739495798319328
1616	0.7756410256410257
845	0.7777777777777778
1521	0.7875
739	0.8273381294964028
336	0.9078014184397163
46	0.717391304347826
1367	0.8095238095238095
314	0.8037974683544303
554	0.8010471204188482
1079	0.9886363636363636
1661	0.6727272727272727
993	0.9543568464730291
843	0.9811320754716981
126	0.8225806451612904
611	0.7157360406091371
2083	0.6620370370370371
1078	0.8875739644970414
2102	0.7151162790697675
447	0.7093023255813954
256	0.9051724137931034
577	0.8579545454545454
1949	0.8583333333333333
405	0.8816568047337278
1937	0.8756756756756757
2106	0.7070707070707071
1611	0.7915057915057915
443	0.8373493975903614
104	0.8346456692913385
279	0.8920863309352518
1928	0.8188405797101449
586	0.8740157480314961
1564	0.7847222222222222
2097	0.9696969696969697
466	0.9166666666666666
1214	0.7251184834123223
1790	0.7605633802816901
1292	0.8860759493670886
1191	0.7581699346405228
1215	0.6637931034482759
1284	0.6893939393939394
2119	0.8307692307692308
213	0.8608058608058609
793	0.9341317365269461
194	0.8325123152709359
327	0.7208333333333333
1840	0.8253012048192772
2233	0.896551724137931
1719	0.9166666666666666
1405	0.803680981595092
343	0.7899159663865546
886	0.8136645962732919
1352	0.9262295081967213
909	0.7828947368421053
1722	0.9523809523809523
925	0.8352059925093633
324	0.9095238095238095
581	0.8717948717948718
1582	0.8153846153846154
1206	0.975
1152	0.8387096774193549
1366	0.9139072847682119
210	0.9635036496350365
1345	0.7279411764705882
1729	0.7565217391304347
197	0.8909090909090909
1948	0.8343558282208589
1768	0.8666666666666667
890	0.825136612021858
438	0.8152173913043478
374	0.7033492822966507
1488	0.9086538461538461
1249	0.7727272727272727
1316	0.6944444444444444
1860	0.971830985915493
1451	0.704
1198	0.9881656804733728
527	0.8
2171	0.7153284671532847
303	0.8410596026490066
1775	0.9333333333333333
1257	0.8089887640449438
113	0.8434782608695652
1677	0.828125
1155	0.921875
242	0.8390243902439024
799	0.7816091954022989
272	0.9230769230769231
2214	0.7566137566137566
406	0.8979591836734694
1411	0.8661417322834646
22	0.7536945812807881
703	0.7965116279069767
1813	0.8148148148148148
884	0.8435374149659864
331	0.8066298342541437
1246	0.8873239436619719
1074	0.8125
2131	0.9155555555555556
1324	0.7419354838709677
1094	0.8968609865470852
92	0.9097222222222222
375	0.8324324324324325
1243	0.7763157894736842
1994	0.9615384615384616
459	0.6830985915492958
526	0.9203980099502488
1012	0.7555555555555555
474	0.7371794871794872
842	0.7745664739884393
1568	0.7956204379562044
1268	0.8776978417266187
486	0.680628272251309
1786	0.8657718120805369
42	0.8156028368794326
300	0.7064676616915423
1583	0.706766917293233
43	0.6524064171122995
804	0.6881720430107527
1587	0.9240506329113924
1410	0.9072847682119205
1691	0.7960526315789473
1072	0.9139072847682119
926	0.946236559139785
1359	0.7052631578947368
794	0.952
1305	0.7468354430379747
1593	0.8705357142857143
1950	0.946969696969697
1273	0.8508771929824561
928	0.8483606557377049
94	0.6752767527675276
1718	0.9470588235294117
1848	0.9727272727272728
883	0.7412587412587412
962	0.945054945054945
1605	0.8729281767955801
2203	0.7313432835820896
738	0.7992700729927007
988	0.8135593220338984
487	0.7464114832535885
882	0.9152542372881356
2073	0.9572649572649573
1320	0.8493975903614458
236	0.8115942028985508
1298	0.7669172932330827
306	0.9882352941176471
1026	0.7832167832167832
31	0.8102189781021898
2079	0.7727272727272727
1799	0.9105691056910569
1515	0.6929824561403509
1148	0.8242424242424242
26	0.806282722513089
1390	0.8688524590163934
1524	0.87248322147651
2184	0.6732673267326733
1342	0.8120567375886525
1356	0.9881656804733728
662	0.7324561403508771
1769	0.9293478260869565
1223	0.7383720930232558
851	0.6818181818181818
1304	0.6729857819905213
1941	0.8471074380165289
328	0.6910569105691057
1388	0.7868852459016393
1030	0.7112068965517241
1300	0.7978723404255319
785	0.7866108786610879
2082	0.7763157894736842
955	0.8125
59	0.774390243902439
1319	0.9391304347826087
64	0.8587570621468926
2169	0.8775510204081632
1103	0.8280254777070064
345	0.7580645161290323
428	0.8760330578512396
1262	0.7958115183246073
1654	0.8609865470852018
1167	0.8888888888888888
189	0.859504132231405
776	0.9931506849315068
1533	0.922077922077922
179	0.7125748502994012
1128	0.9534883720930233
532	0.9493670886075949
1977	0.8192090395480226
832	0.9028571428571428
1232	0.8
1119	0.8106508875739645
879	0.9281767955801105
1486	0.8490566037735849
1747	0.7461538461538462
1807	0.9219858156028369
1550	0.8910256410256411
121	0.8016528925619835
1559	0.9140625
791	0.831081081081081
1783	0.89937106918239
471	0.9074074074074074
326	0.8717948717948718
598	0.7586206896551724
759	0.8660287081339713
2084	0.8246753246753247
456	0.8247422680412371
1111	0.9530201342281879
1175	0.8405797101449275
1989	0.8855421686746988
2026	0.8620689655172413
2207	0.7898550724637681
1891	0.7105263157894737
2140	0.9009009009009009
1991	0.7231638418079096
1637	0.952
1692	0.8164556962025317
824	0.9101796407185628
747	0.9115646258503401
1683	0.8064516129032258
1845	0.8813559322033898
1645	0.7696078431372549
1302	0.8421052631578947
173	0.7602739726027398
552	0.7647058823529411
127	0.7733990147783252
1607	0.7015706806282722
1188	0.7848101265822784
21	0.9449152542372882
1681	0.8026315789473685
1035	0.8300653594771242
269	0.8547854785478548
2237	0.8636363636363636
1132	0.7619047619047619
523	0.717741935483871
190	0.8985507246376812
1307	0.9305555555555556
1643	0.9242424242424242
1627	0.8423076923076923
488	0.8741258741258742
921	0.7579617834394905
1727	0.782608695652174
181	0.8853503184713376
1261	0.8461538461538461
859	0.7186147186147186
999	0.8962962962962963
170	0.7932960893854749
1576	0.7769784172661871
977	0.73224043715847
1373	0.9097222222222222
547	0.7486631016042781
693	0.7252252252252253
1434	0.7916666666666666
1697	0.7469879518072289
906	0.9245283018867925
700	0.680952380952381
1903	0.8455284552845529
15	0.9285714285714286
1287	0.8192090395480226
163	0.7837837837837838
1149	0.7669172932330827
332	0.7388059701492538
296	0.8897058823529411
2208	0.8466666666666667
995	0.7666666666666667
1487	0.7810945273631841
400	0.970873786407767
1029	0.8176100628930818
1851	0.9401197604790419
676	0.8387096774193549
558	0.9
1930	0.6793893129770993
407	0.6850828729281768
1555	0.7877551020408163
1290	0.9411764705882353
789	0.883495145631068
2039	0.7357512953367875
16	0.6884057971014492
162	0.9116022099447514
335	0.9330357142857143
2075	0.875
1917	0.7887323943661971
1552	0.7878787878787878
1976	0.9802631578947368
1881	0.7016806722689075
128	0.7222222222222222
775	0.9142857142857143
1467	0.6761363636363636
1671	0.8129496402877698
779	0.9301075268817204
1070	0.8686131386861314
2100	0.9146919431279621
1423	0.7388535031847133
1439	0.9090909090909091
30	0.9294117647058824
23	0.8536585365853658
866	0.954954954954955
1303	0.8031496062992126
253	0.8373493975903614
1295	0.7171052631578947
2175	0.9296875
148	0.9586776859504132
1353	0.7444933920704846
276	0.7486033519553073
311	0.6423841059602649
1999	0.8636363636363636
