1955	0.71
625	0.23
1015	0.23
393	0.65
2212	0.23
287	0.86
1404	0.42
947	0.62
2042	0.39
1343	0.8
1437	0.51
342	0.19
1902	0.67
1392	0.87
1527	0.23
982	0.36
1469	0.47
2239	0.24
957	0.51
777	0.76
618	0.9
1673	0.25
2193	0.24
862	0.24
149	0.28
802	0.55
1430	0.23
1926	0.86
2130	0.18
167	0.89
1618	0.83
1402	0.24
620	0.73
1992	0.88
1604	0.21
1586	0.35
434	0.8
636	0.83
1417	0.33
2027	0.22
1051	0.24
1341	0.67
118	0.45
1422	0.19
773	0.21
938	0.72
764	0.88
740	0.87
1453	0.22
536	0.25
730	0.22
1824	0.28
671	0.35
201	0.72
522	0.22
1081	0.24
1448	0.9
1244	0.21
524	0.37
1690	0.25
124	0.39
435	0.44
670	0.9
1184	0.56
1049	0.61
880	0.35
57	0.77
1544	0.31
344	0.28
1669	0.25
647	0.23
1113	0.85
814	0.53
500	0.81
1374	0.34
838	0.33
852	0.22
666	0.21
1097	0.61
833	0.58
881	0.33
250	0.54
694	0.74
979	0.85
2132	0.86
1787	0.31
2098	0.22
202	0.5
998	0.89
2069	0.25
963	0.9
714	0.5
402	0.65
2188	0.85
917	0.86
497	0.84
2228	0.52
948	0.37
1454	0.6
1716	0.25
1526	0.22
1045	0.5
449	0.5
1510	0.21
364	0.28
1789	0.26
258	0.83
2002	0.76
726	0.22
1401	0.86
970	0.21
1314	0.86
1157	0.6
596	0.87
1511	0.67
1354	0.7
1929	0.9
1427	0.87
1537	0.26
86	0.89
8	0.32
17	0.34
1751	0.25
1849	0.76
1707	0.29
1288	0.65
394	0.26
1575	0.21
1623	0.42
1431	0.81
1742	0.36
1209	0.82
2139	0.34
63	0.31
697	0.41
964	0.38
260	0.56
1958	0.42
1460	0.8
821	0.36
182	0.77
1852	0.77
853	0.39
771	0.61
1689	0.8
1483	0.25
1578	0.84
513	0.34
525	0.59
1945	0.22
565	0.39
1746	0.24
661	0.26
134	0.21
954	0.23
1738	0.24
1589	0.26
137	0.82
309	0.42
1508	0.27
760	0.39
1686	0.77
2101	0.27
1646	0.86
368	0.81
1240	0.41
2024	0.9
652	0.38
796	0.69
1158	0.58
1705	0.9
2192	0.44
378	0.26
470	0.81
2104	0.26
529	0.9
146	0.52
2127	0.73
1329	0.24
2090	0.86
1236	0.23
797	0.82
822	0.36
1793	0.48
1058	0.23
1425	0.9
1577	0.26
1726	0.61
990	0.51
806	0.89
143	0.24
997	0.62
780	0.76
448	0.25
1265	0.32
717	0.9
73	0.56
1213	0.81
333	0.23
390	0.23
420	0.24
458	0.26
40	0.28
1227	0.36
1803	0.28
479	0.49
837	0.7
949	0.5
218	0.24
1687	0.76
215	0.78
1893	0.67
1238	0.23
429	0.83
319	0.22
1172	0.67
1022	0.41
1038	0.73
2007	0.23
476	0.69
628	0.89
613	0.52
1464	0.25
389	0.54
100	0.9
2166	0.26
615	0.24
2194	0.44
1001	0.23
889	0.22
2062	0.35
278	0.8
1101	0.37
601	0.88
1835	0.64
1080	0.24
1850	0.84
195	0.27
426	0.65
53	0.24
1887	0.42
157	0.83
752	0.45
2111	0.32
2035	0.23
915	0.31
2012	0.79
2218	0.34
1801	0.23
175	0.82
1770	0.46
2070	0.65
1842	0.31
587	0.51
87	0.23
931	0.4
1166	0.79
1651	0.89
540	0.4
37	0.89
401	0.68
392	0.53
467	0.25
1170	0.24
47	0.2
1650	0.19
1337	0.3
1109	0.69
244	0.58
1584	0.37
1355	0.9
109	0.31
576	0.23
1181	0.84
961	0.3
1622	0.62
1630	0.27
1765	0.89
1791	0.87
751	0.24
1897	0.84
475	0.72
376	0.74
234	0.21
650	0.66
293	0.23
281	0.46
413	0.8
942	0.89
357	0.24
1271	0.21
2182	0.67
2200	0.68
1833	0.84
2068	0.78
325	0.3
24	0.24
1040	0.3
720	0.22
689	0.57
52	0.76
1972	0.26
136	0.69
1921	0.22
533	0.28
1985	0.9
172	0.87
754	0.25
713	0.28
2164	0.85
1432	0.25
1567	0.85
140	0.22
1754	0.9
1538	0.73
2001	0.61
499	0.42
869	0.3
1815	0.32
1075	0.82
677	0.89
1965	0.89
642	0.55
743	0.24
1382	0.31
1024	0.7
1792	0.22
560	0.23
1940	0.55
1408	0.25
541	0.9
1470	0.48
2189	0.69
223	0.22
1281	0.85
2112	0.24
1179	0.2
719	0.49
646	0.88
748	0.71
132	0.23
1571	0.26
1269	0.75
1082	0.28
1700	0.36
2195	0.32
1889	0.81
1406	0.74
144	0.8
702	0.22
2157	0.81
1667	0.23
2091	0.23
1680	0.65
745	0.86
711	0.31
1699	0.64
217	0.84
2113	0.87
1346	0.27
399	0.21
1071	0.26
424	0.73
1641	0.22
858	0.48
701	0.21
603	0.56
1986	0.64
2230	0.54
2056	0.21
1452	0.25
983	0.64
1547	0.87
542	0.3
994	0.63
599	0.82
1947	0.42
1517	0.69
585	0.85
51	0.88
257	0.87
841	0.24
508	0.75
82	0.23
1739	0.44
1339	0.44
1398	0.37
441	0.22
1701	0.77
2099	0.89
2085	0.25
1566	0.24
97	0.37
1450	0.82
562	0.22
58	0.53
238	0.87
155	0.42
71	0.33
721	0.26
1978	0.64
835	0.22
451	0.59
348	0.87
1756	0.82
320	0.4
183	0.46
1710	0.46
800	0.89
1000	0.69
699	0.37
2094	0.24
1735	0.89
249	0.8
1120	0.59
119	0.24
2147	0.73
450	0.86
96	0.24
682	0.28
1600	0.53
355	0.89
811	0.64
36	0.84
1720	0.4
1205	0.42
1264	0.82
1713	0.39
99	0.75
231	0.53
1763	0.24
228	0.32
1631	0.84
398	0.81
2123	0.25
2011	0.9
904	0.83
1129	0.36
396	0.6
93	0.21
171	0.24
621	0.41
1588	0.77
1909	0.54
1032	0.9
199	0.31
2235	0.32
1185	0.22
383	0.22
240	0.25
340	0.53
770	0.84
624	0.26
1381	0.22
2210	0.28
1473	0.63
895	0.52
1914	0.25
1772	0.68
1957	0.22
1478	0.45
1703	0.82
273	0.88
1445	0.86
2129	0.87
658	0.87
1572	0.78
1688	0.78
808	0.4
419	0.74
1458	0.24
80	0.45
1964	0.24
1057	0.7
1918	0.23
551	0.23
1541	0.62
520	0.32
292	0.22
1653	0.78
95	0.56
1761	0.83
2187	0.9
1590	0.3
1861	0.5
477	0.87
141	0.38
116	0.73
2115	0.36
1280	0.32
1463	0.3
531	0.26
798	0.24
607	0.25
1338	0.4
1862	0.88
1482	0.26
1806	0.23
825	0.86
669	0.21
200	0.24
1010	0.23
321	0.84
871	0.51
1592	0.85
2216	0.77
2086	0.19
1784	0.27
1278	0.22
2107	0.56
1116	0.55
1143	0.86
158	0.27
1794	0.22
623	0.9
1560	0.44
349	0.87
282	0.87
2019	0.81
1088	0.24
757	0.31
19	0.34
1993	0.88
1684	0.76
1164	0.84
1063	0.41
856	0.26
1323	0.84
1154	0.33
1289	0.29
1872	0.28
1863	0.62
778	0.7
1781	0.22
111	0.73
1444	0.89
1830	0.84
686	0.35
268	0.43
1563	0.43
1745	0.21
1753	0.34
1505	0.24
1907	0.52
193	0.81
266	0.65
602	0.86
505	0.25
1237	0.82
564	0.3
2204	0.22
1139	0.5
729	0.66
205	0.23
187	0.23
732	0.47
2040	0.39
233	0.26
1624	0.29
219	0.24
2044	0.84
1491	0.78
1591	0.87
1378	0.84
2093	0.26
985	0.86
1856	0.3
353	0.88
90	0.76
1068	0.29
67	0.31
805	0.74
2172	0.25
2180	0.25
1098	0.69
1513	0.56
716	0.73
514	0.34
1260	0.25
1362	0.4
1296	0.23
1457	0.67
2053	0.79
2051	0.44
1657	0.74
2137	0.23
504	0.38
1837	0.32
1652	0.62
346	0.22
1241	0.89
483	0.81
1153	0.24
1335	0.23
1672	0.25
1916	0.52
1142	0.53
291	0.23
1018	0.8
1169	0.21
1497	0.38
1146	0.25
425	0.83
2030	0.25
66	0.24
501	0.74
247	0.31
635	0.5
1995	0.86
534	0.85
1744	0.44
1814	0.88
358	0.47
2198	0.86
971	0.81
493	0.32
1217	0.31
2135	0.32
1046	0.84
865	0.35
1449	0.45
1484	0.46
631	0.84
744	0.34
510	0.54
1253	0.71
490	0.36
575	0.52
1785	0.33
1843	0.77
445	0.59
1385	0.72
1500	0.4
437	0.67
638	0.44
2134	0.31
1409	0.22
582	0.51
286	0.65
901	0.46
1832	0.25
850	0.24
74	0.22
2008	0.42
1182	0.6
872	0.27
1901	0.51
940	0.56
382	0.77
1530	0.24
1196	0.45
992	0.67
1879	0.84
313	0.21
644	0.28
2156	0.65
619	0.22
1847	0.77
1944	0.69
2096	0.29
1042	0.46
1580	0.25
1255	0.25
1658	0.85
1061	0.82
741	0.24
801	0.8
812	0.35
763	0.25
969	0.56
1348	0.82
2009	0.44
206	0.23
1518	0.76
817	0.23
604	0.37
1545	0.78
2055	0.77
1866	0.32
537	0.23
1312	0.32
1105	0.22
295	0.26
138	0.38
1817	0.84
877	0.8
1126	0.78
608	0.2
422	0.61
1455	0.22
830	0.36
913	0.23
1980	0.24
2154	0.22
1966	0.22
1809	0.26
2089	0.5
861	0.45
2080	0.86
873	0.36
2150	0.32
1528	0.26
1496	0.65
2048	0.21
746	0.47
1141	0.88
1309	0.89
2153	0.89
1134	0.87
1548	0.65
1231	0.24
408	0.75
45	0.24
1865	0.21
2226	0.86
1620	0.23
736	0.78
2004	0.55
1857	0.86
1748	0.86
750	0.23
267	0.31
502	0.48
154	0.78
2176	0.29
1660	0.24
1459	0.34
1011	0.23
1212	0.84
2191	0.56
1724	0.73
519	0.24
208	0.71
2202	0.26
469	0.76
1369	0.87
1376	0.37
1561	0.66
1202	0.85
1536	0.28
1477	0.74
2159	0.27
1221	0.56
283	0.3
1145	0.72
423	0.28
177	0.23
1983	0.6
1911	0.24
77	0.26
472	0.27
2185	0.9
1407	0.48
1474	0.25
2181	0.47
2013	0.78
1333	0.25
2088	0.61
1171	0.53
570	0.24
453	0.33
2211	0.8
1216	0.22
874	0.84
1870	0.81
2186	0.61
692	0.28
1168	0.23
32	0.51
1204	0.4
1332	0.24
574	0.24
114	0.58
464	0.85
1734	0.84
1053	0.37
1013	0.24
275	0.89
1502	0.9
289	0.26
1085	0.55
1052	0.74
1276	0.29
35	0.51
1773	0.27
1961	0.42
1194	0.26
1871	0.73
2014	0.66
816	0.31
153	0.38
1617	0.44
1326	0.86
1114	0.32
410	0.25
597	0.55
367	0.28
737	0.85
1122	0.26
1927	0.74
903	0.25
2049	0.24
966	0.32
511	0.21
876	0.44
2076	0.34
1943	0.74
1435	0.67
1908	0.23
2170	0.35
1606	0.58
553	0.22
836	0.39
1969	0.54
1468	0.28
433	0.25
590	0.23
2025	0.88
122	0.5
1328	0.23
612	0.21
784	0.54
261	0.2
695	0.31
70	0.23
1017	0.8
1274	0.86
440	0.67
1207	0.52
749	0.87
1501	0.24
840	0.79
1757	0.44
860	0.25
135	0.75
1462	0.87
1771	0.43
152	0.9
1102	0.23
1774	0.27
708	0.48
1659	0.72
160	0.59
1118	0.81
1741	0.39
1291	0.83
452	0.22
10	0.24
1868	0.47
1144	0.74
1938	0.24
101	0.9
1415	0.26
1099	0.23
1008	0.77
1234	0.79
579	0.21
317	0.37
1447	0.31
248	0.31
1776	0.46
1267	0.24
1750	0.33
34	0.31
1873	0.88
2087	0.22
1131	0.31
742	0.63
1306	0.23
867	0.23
1708	0.25
561	0.83
1245	0.79
1347	0.9
1766	0.88
2173	0.39
1096	0.24
2110	0.82
1990	0.51
2125	0.77
960	0.28
606	0.22
1394	0.82
1327	0.69
1064	0.84
1603	0.25
723	0.9
1798	0.54
712	0.73
1418	0.33
1037	0.6
1481	0.88
115	0.26
637	0.25
239	0.23
1054	0.46
33	0.21
1489	0.87
1299	0.23
912	0.28
379	0.72
1931	0.81
1846	0.24
974	0.54
1598	0.84
1368	0.24
209	0.26
235	0.69
1951	0.22
1906	0.26
75	0.53
2105	0.23
373	0.9
1285	0.75
1067	0.83
517	0.23
1104	0.73
1694	0.6
1087	0.32
312	0.32
294	0.24
2215	0.56
864	0.83
1758	0.85
391	0.9
783	0.23
1959	0.86
330	0.75
2209	0.25
1743	0.82
465	0.79
2126	0.23
50	0.25
2006	0.23
1882	0.86
498	0.8
329	0.37
2114	0.61
2071	0.89
1695	0.37
79	0.8
559	0.27
1189	0.25
1685	0.34
1336	0.85
1595	0.47
1286	0.26
1934	0.8
953	0.23
156	0.22
753	0.23
1899	0.3
1135	0.23
271	0.86
81	0.55
1970	0.63
1077	0.22
7	0.86
681	0.82
691	0.28
76	0.2
2236	0.72
1534	0.84
1679	0.23
1960	0.88
2234	0.27
468	0.23
654	0.9
178	0.32
1610	0.22
1854	0.82
1640	0.88
1195	0.27
1396	0.89
809	0.3
1633	0.52
1596	0.9
839	0.23
2092	0.79
1380	0.77
62	0.82
362	0.24
593	0.54
1443	0.7
164	0.45
543	0.22
539	0.26
1294	0.34
185	0.29
937	0.74
1988	0.62
1293	0.32
2238	0.68
6	0.6
1558	0.87
727	0.23
1279	0.24
1178	0.66
198	0.77
2213	0.24
1050	0.46
910	0.52
786	0.25
1218	0.65
1678	0.72
2205	0.22
555	0.8
1485	0.26
60	0.34
1915	0.8
2224	0.84
584	0.56
2146	0.35
518	0.75
1574	0.89
1812	0.69
442	0.46
1007	0.58
2081	0.22
1076	0.24
1820	0.22
1174	0.88
591	0.38
1613	0.6
1230	0.29
1535	0.72
1442	0.24
1676	0.24
807	0.23
1389	0.62
870	0.59
1365	0.61
893	0.71
610	0.29
1372	0.26
0	0.36
1125	0.21
941	0.27
2095	0.29
709	0.31
1364	0.78
484	0.52
1507	0.7
131	0.38
2145	0.28
270	0.9
710	0.35
18	0.24
174	0.81
1805	0.79
1100	0.89
2197	0.31
857	0.23
1117	0.22
1551	0.23
230	0.23
1480	0.21
259	0.3
1635	0.22
1399	0.24
1796	0.24
418	0.36
649	0.41
1165	0.23
1779	0.23
1878	0.88
2050	0.29
1752	0.87
1197	0.86
2078	0.23
2149	0.24
1962	0.31
722	0.36
1039	0.84
55	0.7
252	0.23
2034	0.26
1674	0.26
204	0.27
91	0.87
5	0.32
9	0.83
972	0.76
684	0.6
1092	0.79
1715	0.21
1506	0.32
568	0.22
2183	0.26
123	0.21
2046	0.7
2059	0.87
1033	0.69
2005	0.89
395	0.25
1219	0.29
439	0.25
365	0.29
922	0.43
967	0.5
1413	0.27
1855	0.25
350	0.42
724	0.26
634	0.23
385	0.25
2023	0.27
2152	0.25
361	0.25
1933	0.23
1867	0.29
546	0.83
1920	0.83
1151	0.28
304	0.84
381	0.31
506	0.23
795	0.71
56	0.84
1210	0.24
1531	0.87
1441	0.24
1996	0.89
1211	0.2
595	0.61
1829	0.39
1877	0.21
900	0.25
1838	0.36
1016	0.23
1648	0.36
1416	0.23
2108	0.86
430	0.23
664	0.4
166	0.86
457	0.72
1177	0.61
507	0.5
975	0.69
1795	0.39
1027	0.26
2063	0.23
129	0.35
280	0.24
1403	0.36
377	0.22
831	0.52
68	0.89
1597	0.23
1892	0.23
11	0.22
222	0.54
307	0.74
1331	0.7
1203	0.89
626	0.3
1272	0.74
480	0.44
698	0.52
1163	0.84
1456	0.3
1224	0.31
1698	0.57
1438	0.32
1599	0.76
165	0.25
2022	0.25
462	0.77
2036	0.79
1301	0.75
1880	0.38
354	0.76
352	0.89
105	0.7
1200	0.84
1006	0.33
12	0.73
989	0.23
414	0.27
1823	0.79
41	0.24
1522	0.25
220	0.89
1161	0.29
224	0.29
106	0.61
360	0.37
1056	0.54
1199	0.61
145	0.52
212	0.3
130	0.62
1093	0.84
503	0.6
417	0.8
2174	0.22
1043	0.29
986	0.38
485	0.81
1322	0.21
1361	0.27
592	0.87
2219	0.25
556	0.25
1642	0.25
2074	0.79
1193	0.25
665	0.86
4	0.22
110	0.26
1706	0.9
1479	0.88
107	0.38
1797	0.22
1059	0.86
1248	0.59
2128	0.29
1963	0.29
245	0.51
891	0.82
2120	0.31
1512	0.66
1414	0.58
846	0.32
651	0.39
98	0.21
2117	0.39
1106	0.33
1519	0.72
2057	0.33
1732	0.51
718	0.22
184	0.72
1420	0.89
388	0.37
397	0.87
632	0.88
421	0.22
1349	0.79
820	0.35
1836	0.2
690	0.35
1019	0.22
1546	0.25
161	0.89
363	0.66
898	0.8
227	0.25
1543	0.3
655	0.62
387	0.77
1137	0.85
782	0.66
49	0.58
28	0.89
1782	0.51
494	0.46
1864	0.86
1138	0.71
2060	0.37
3	0.9
1912	0.88
1370	0.24
667	0.26
1162	0.48
1664	0.24
1400	0.26
221	0.25
1725	0.3
1839	0.85
1344	0.23
1066	0.23
668	0.56
478	0.68
403	0.64
2141	0.23
756	0.31
550	0.37
1553	0.41
72	0.23
285	0.28
1127	0.25
1190	0.22
878	0.25
1379	0.75
952	0.83
933	0.22
180	0.31
2142	0.42
371	0.22
578	0.25
2196	0.25
2122	0.74
1919	0.82
1733	0.84
2232	0.23
1570	0.85
1250	0.89
1952	0.86
987	0.74
1666	0.57
225	0.22
1636	0.7
1730	0.21
766	0.81
492	0.3
1954	0.75
1831	0.78
2000	0.84
1682	0.22
826	0.26
2121	0.69
2021	0.81
229	0.65
1853	0.28
572	0.23
1632	0.36
991	0.26
2029	0.21
463	0.25
2064	0.79
2045	0.8
2151	0.25
1885	0.64
1313	0.36
384	0.53
1252	0.77
1220	0.9
896	0.88
339	0.73
1808	0.49
1942	0.46
899	0.83
404	0.24
1764	0.85
2109	0.28
341	0.71
863	0.25
929	0.23
1979	0.78
1242	0.46
1266	0.65
675	0.23
567	0.23
792	0.27
1629	0.38
1601	0.7
2072	0.65
932	0.28
1818	0.88
2158	0.73
415	0.6
117	0.23
315	0.2
688	0.89
834	0.52
2043	0.39
614	0.86
84	0.23
1091	0.5
1540	0.22
1665	0.76
1777	0.32
1788	0.26
965	0.6
1514	0.27
1041	0.23
2163	0.25
369	0.74
1894	0.22
1923	0.83
1712	0.21
1804	0.9
1186	0.44
673	0.25
2058	0.88
978	0.73
446	0.62
211	0.77
943	0.43
356	0.23
1509	0.38
1953	0.24
1436	0.23
1466	0.85
1208	0.21
908	0.71
630	0.32
1363	0.45
1047	0.9
1062	0.75
1998	0.25
255	0.26
1357	0.83
617	0.87
734	0.9
1542	0.21
897	0.9
1003	0.85
1898	0.88
1446	0.31
1523	0.22
945	0.68
1896	0.81
678	0.75
370	0.72
2133	0.24
761	0.9
334	0.3
1890	0.86
246	0.46
1556	0.4
1156	0.29
61	0.77
609	0.22
627	0.66
588	0.22
1310	0.51
1973	0.79
1060	0.85
813	0.39
1737	0.4
648	0.59
1393	0.84
1180	0.85
2124	0.78
1492	0.42
1044	0.88
1048	0.22
1649	0.63
1932	0.35
351	0.8
1107	0.9
1875	0.33
1728	0.22
934	0.5
495	0.81
1089	0.22
2038	0.25
1755	0.85
1371	0.26
436	0.26
2032	0.38
2065	0.67
823	0.26
386	0.34
1922	0.27
1939	0.29
1325	0.65
85	0.25
905	0.23
1956	0.28
1971	0.24
2138	0.2
366	0.41
914	0.79
1465	0.8
855	0.2
605	0.86
939	0.84
875	0.26
516	0.87
1762	0.57
29	0.85
1759	0.24
1702	0.27
1334	0.78
1525	0.9
512	0.81
39	0.5
263	0.79
265	0.28
1670	0.48
790	0.76
1612	0.37
1014	0.62
1282	0.24
1086	0.4
548	0.79
277	0.66
715	0.23
1493	0.24
1321	0.74
1494	0.29
557	0.66
1428	0.25
528	0.23
594	0.84
1229	0.7
1549	0.89
951	0.24
2144	0.84
241	0.68
150	0.23
1984	0.79
196	0.43
2136	0.84
108	0.82
1412	0.9
1263	0.25
251	0.6
159	0.24
2066	0.84
299	0.7
707	0.32
2017	0.24
1251	0.75
589	0.63
481	0.89
243	0.82
2116	0.69
2020	0.23
828	0.27
563	0.4
274	0.3
706	0.29
1913	0.27
1275	0.42
629	0.81
769	0.23
672	0.27
1579	0.24
1858	0.49
1638	0.27
569	0.71
1717	0.69
1277	0.24
1628	0.23
803	0.39
641	0.81
580	0.23
758	0.68
1020	0.26
894	0.34
1318	0.66
1569	0.81
1573	0.24
1968	0.46
1133	0.83
1023	0.72
958	0.29
1516	0.82
847	0.32
854	0.77
765	0.25
1639	0.87
461	0.41
112	0.26
1594	0.21
818	0.39
1256	0.27
65	0.7
1083	0.24
288	0.63
1721	0.28
583	0.41
1476	0.23
916	0.26
1693	0.83
660	0.85
1383	0.48
571	0.22
956	0.43
1391	0.22
1997	0.22
1386	0.68
444	0.82
1123	0.25
1258	0.81
2220	0.26
308	0.37
1490	0.9
1025	0.46
1841	0.24
69	0.83
318	0.34
1816	0.57
1009	0.85
120	0.52
1621	0.9
1283	0.23
1819	0.23
496	0.35
885	0.25
1827	0.26
1826	0.24
1704	0.27
1981	0.9
868	0.38
44	0.87
2003	0.78
848	0.87
290	0.79
226	0.72
102	0.25
2018	0.46
616	0.25
1557	0.73
1187	0.85
2010	0.75
2223	0.9
772	0.43
232	0.28
1475	0.22
981	0.35
1350	0.88
1192	0.9
1900	0.66
1419	0.33
2177	0.38
1239	0.3
2178	0.23
1924	0.54
935	0.78
781	0.37
705	0.25
936	0.82
432	0.87
89	0.64
1440	0.26
1731	0.78
1426	0.33
944	0.75
2052	0.66
322	0.25
1173	0.85
27	0.89
1935	0.26
1065	0.51
1655	0.54
147	0.22
1375	0.32
1925	0.22
653	0.29
191	0.53
733	0.79
1936	0.24
1869	0.73
1228	0.88
643	0.59
1585	0.71
1778	0.22
731	0.7
788	0.23
1905	0.69
980	0.49
78	0.36
1886	0.39
1235	0.87
1884	0.32
192	0.24
359	0.69
1183	0.24
88	0.86
2061	0.25
1247	0.65
535	0.79
1760	0.9
2155	0.3
1308	0.21
1504	0.9
1121	0.33
1647	0.57
663	0.21
1028	0.86
704	0.48
1005	0.79
1581	0.71
888	0.64
482	0.83
1021	0.37
2231	0.66
887	0.32
633	0.84
1539	0.85
347	0.24
1090	0.63
139	0.9
2199	0.89
1987	0.25
844	0.88
787	0.9
203	0.22
1602	0.25
1554	0.52
214	0.27
1472	0.79
2054	0.9
1429	0.22
946	0.78
1340	0.79
657	0.24
142	0.9
338	0.22
103	0.26
645	0.26
491	0.34
2143	0.84
1532	0.86
176	0.43
310	0.85
455	0.25
1565	0.53
2160	0.27
911	0.42
1844	0.86
1608	0.89
892	0.26
1711	0.28
14	0.63
1360	0.23
924	0.33
125	0.78
1614	0.81
679	0.86
2047	0.29
83	0.86
2161	0.2
573	0.23
1225	0.77
1503	0.23
2	0.52
2031	0.22
1834	0.88
264	0.23
1662	0.88
1883	0.75
1297	0.8
600	0.23
25	0.24
1780	0.77
656	0.85
1696	0.43
1821	0.85
473	0.43
544	0.88
538	0.45
48	0.88
509	0.24
1201	0.28
1055	0.75
1461	0.55
1874	0.74
380	0.45
1736	0.36
1130	0.29
1982	0.89
696	0.87
372	0.45
2225	0.52
827	0.81
416	0.23
930	0.45
566	0.26
298	0.72
1034	0.23
1150	0.37
530	0.34
1975	0.26
1663	0.89
774	0.45
810	0.73
2103	0.9
2179	0.86
2201	0.89
2118	0.33
1084	0.2
13	0.48
2168	0.78
815	0.9
1002	0.36
674	0.57
1226	0.65
849	0.85
768	0.51
284	0.63
950	0.42
2190	0.38
2037	0.54
1495	0.77
1	0.71
2229	0.36
2165	0.21
409	0.43
1110	0.25
1036	0.48
2222	0.85
169	0.87
1946	0.25
54	0.21
301	0.26
927	0.7
640	0.24
1529	0.23
819	0.75
1634	0.58
316	0.75
907	0.56
2221	0.61
1626	0.26
1740	0.69
302	0.48
829	0.22
1315	0.76
1723	0.75
1254	0.65
1498	0.67
1424	0.86
1115	0.51
1330	0.6
1714	0.83
262	0.24
1822	0.9
996	0.34
1095	0.68
1810	0.21
1004	0.23
254	0.23
755	0.32
1499	0.22
1397	0.2
1876	0.87
1904	0.26
38	0.66
1749	0.21
411	0.28
412	0.3
1395	0.83
454	0.21
1471	0.87
1895	0.25
959	0.33
2227	0.24
680	0.5
545	0.86
1160	0.27
2148	0.84
1233	0.25
2077	0.24
2016	0.37
216	0.29
2067	0.25
725	0.22
1351	0.54
973	0.45
1147	0.38
923	0.23
549	0.49
2217	0.36
1377	0.22
1176	0.85
920	0.35
1384	0.25
207	0.23
1910	0.32
1709	0.87
1802	0.23
521	0.79
919	0.26
2167	0.26
297	0.34
186	0.54
1800	0.72
1888	0.88
489	0.78
515	0.26
1124	0.24
20	0.24
1974	0.29
687	0.42
1767	0.26
1031	0.58
305	0.22
1967	0.57
1270	0.87
1668	0.87
1619	0.7
1811	0.21
639	0.41
1136	0.23
1387	0.36
1317	0.72
1069	0.9
1222	0.73
2206	0.53
168	0.29
1520	0.64
683	0.3
762	0.33
902	0.26
1358	0.76
1433	0.39
460	0.32
1108	0.89
984	0.38
2033	0.65
1625	0.31
767	0.82
622	0.41
976	0.23
1825	0.67
1421	0.73
728	0.26
1159	0.9
1562	0.82
1073	0.89
2015	0.33
1311	0.26
133	0.28
1259	0.25
431	0.21
337	0.87
735	0.77
323	0.83
2028	0.25
1656	0.67
1859	0.86
1615	0.36
2162	0.75
968	0.82
1675	0.22
659	0.83
237	0.5
1644	0.9
2041	0.8
685	0.57
1112	0.8
151	0.8
427	0.4
1828	0.82
1609	0.74
1140	0.9
918	0.61
188	0.6
1616	0.29
845	0.25
1521	0.25
739	0.23
336	0.82
46	0.24
1367	0.86
314	0.25
554	0.79
1079	0.88
1661	0.22
993	0.8
843	0.62
126	0.23
611	0.23
2083	0.24
1078	0.27
2102	0.23
447	0.3
256	0.88
577	0.84
1949	0.3
405	0.86
1937	0.75
2106	0.27
1611	0.31
443	0.39
104	0.26
279	0.44
1928	0.67
586	0.8
1564	0.45
2097	0.69
466	0.36
1214	0.3
1790	0.23
1292	0.6
1191	0.22
1215	0.25
1284	0.26
2119	0.89
213	0.26
793	0.8
194	0.67
327	0.29
1840	0.68
2233	0.66
1719	0.75
1405	0.29
343	0.76
886	0.7
1352	0.8
909	0.31
1722	0.82
925	0.21
324	0.9
581	0.56
1582	0.5
1206	0.76
1152	0.26
1366	0.81
210	0.76
1345	0.23
1729	0.34
197	0.36
1948	0.85
1768	0.58
890	0.48
438	0.31
374	0.81
1488	0.26
1249	0.23
1316	0.22
1860	0.73
1451	0.27
1198	0.87
527	0.36
2171	0.53
303	0.63
1775	0.89
1257	0.24
113	0.51
1677	0.22
1155	0.6
242	0.28
799	0.3
272	0.76
2214	0.71
406	0.82
1411	0.28
22	0.73
703	0.24
1813	0.88
884	0.28
331	0.86
1246	0.3
1074	0.25
2131	0.83
1324	0.23
1094	0.31
92	0.32
375	0.29
1243	0.26
1994	0.74
459	0.23
526	0.65
1012	0.23
474	0.25
842	0.85
1568	0.31
1268	0.25
486	0.82
1786	0.26
42	0.22
300	0.31
1583	0.24
43	0.25
804	0.26
1587	0.8
1410	0.73
1691	0.32
1072	0.7
926	0.73
1359	0.23
794	0.78
1305	0.24
1593	0.81
1950	0.78
1273	0.29
928	0.84
94	0.22
1718	0.86
1848	0.72
883	0.29
962	0.89
1605	0.55
2203	0.73
738	0.33
988	0.23
487	0.22
882	0.75
2073	0.81
1320	0.25
236	0.6
1298	0.3
306	0.72
1026	0.9
31	0.69
2079	0.24
1799	0.86
1515	0.25
1148	0.84
26	0.87
1390	0.72
1524	0.87
2184	0.22
1342	0.77
1356	0.9
662	0.86
1769	0.88
1223	0.24
851	0.28
1304	0.24
1941	0.23
328	0.25
1388	0.31
1030	0.37
1300	0.31
785	0.24
2082	0.24
955	0.88
59	0.26
1319	0.76
64	0.24
2169	0.88
1103	0.58
345	0.25
428	0.26
1262	0.27
1654	0.25
1167	0.39
189	0.3
776	0.76
1533	0.88
179	0.2
1128	0.89
532	0.64
1977	0.45
832	0.39
1232	0.49
1119	0.24
879	0.79
1486	0.42
1747	0.65
1807	0.69
1550	0.32
121	0.69
1559	0.57
791	0.82
1783	0.63
471	0.24
326	0.22
598	0.32
759	0.87
2084	0.42
456	0.39
1111	0.82
1175	0.87
1989	0.53
2026	0.74
2207	0.29
1891	0.24
2140	0.27
1991	0.24
1637	0.66
1692	0.21
824	0.42
747	0.26
1683	0.71
1845	0.9
1645	0.25
1302	0.69
173	0.23
552	0.21
127	0.23
1607	0.24
1188	0.82
21	0.61
1681	0.65
1035	0.61
269	0.83
2237	0.45
1132	0.22
523	0.34
190	0.83
1307	0.34
1643	0.73
1627	0.22
488	0.87
921	0.86
1727	0.5
181	0.45
1261	0.34
859	0.45
999	0.82
170	0.3
1576	0.23
977	0.22
1373	0.67
547	0.23
693	0.22
1434	0.31
1697	0.75
906	0.35
700	0.24
1903	0.5
15	0.35
1287	0.33
163	0.45
1149	0.28
332	0.24
296	0.77
2208	0.34
995	0.44
1487	0.22
400	0.82
1029	0.65
1851	0.46
676	0.33
558	0.31
1930	0.69
407	0.23
1555	0.31
1290	0.71
789	0.21
2039	0.25
16	0.23
162	0.39
335	0.59
2075	0.55
1917	0.24
1552	0.19
1976	0.68
1881	0.53
128	0.23
775	0.75
1467	0.25
1671	0.22
779	0.67
1070	0.74
2100	0.88
1423	0.28
1439	0.76
30	0.82
23	0.42
866	0.82
1303	0.65
253	0.35
1295	0.27
2175	0.7
148	0.87
1353	0.3
276	0.24
311	0.25
1999	0.35
